Batches:
Panel 2
Panel 3

-------------------------
Mean Summaries:
Mean Summary Reference Dataset:
[0.08592459 0.07047976 0.28113996 0.06904135 0.05679426 0.27582333
 0.20156723 0.2930761  0.39776536 0.27074181 0.34415246 0.11762772
 0.24405458 0.12855119 0.28102394 0.21961378 0.21867933 0.30954547]
Mean Summary Panel 2:
[0.08637296 0.07129252 0.28080466 0.06896941 0.05718732 0.27519564
 0.20146513 0.29289869 0.39769236 0.27340716 0.34265134 0.11750721
 0.24365361 0.12843762 0.28024517 0.21960571 0.2192305  0.31073864]
Mean Summary Panel 3:
[0.0856347  0.07050749 0.28170879 0.06962334 0.05758471 0.27644667
 0.20149272 0.29276129 0.39747863 0.27330325 0.34272101 0.11773975
 0.24359245 0.12849112 0.28019896 0.21958493 0.21899134 0.31091968]

-------------------------
MSE Difference in Means:
MSE Difference for Panel 2: 7.474750728920913e-07
MSE Difference for Panel 3: 7.474618998674018e-07

-------------------------
Std Summaries:
Std Summary Reference Dataset:
[0.1027945  0.05786194 0.05971764 0.09444025 0.05416855 0.07232374
 0.20121383 0.21964624 0.19885128 0.14588425 0.21552471 0.03707032
 0.2368985  0.12189459 0.23647919 0.15524641 0.16056028 0.17927806]
Std Summary Panel 2:
[0.10211139 0.0574066  0.05794343 0.09293574 0.05460978 0.06969822
 0.18531183 0.22152624 0.20050685 0.15137702 0.21919288 0.02982989
 0.23865589 0.12247619 0.23510827 0.15837391 0.15473524 0.18429612]
Std Summary Panel 3:
[0.09829177 0.05609845 0.05840135 0.09222676 0.05401768 0.07005311
 0.18940478 0.21583733 0.20208405 0.15292585 0.21186443 0.02927229
 0.24173341 0.1162443  0.23326093 0.15978293 0.15902136 0.18731515]

-------------------------
MSE Difference in Standard Deviations:
MSE Difference for Panel 2: 2.4587305904560966e-05
MSE Difference for Panel 3: 2.6477822440772137e-05

-------------------------
1D TVD for each feature:
1D TVD for Panel 2:
[0.015492466692513458, 0.03169660008715654, 0.05166197119059732, 0.025364364971612763, 0.021422755984956708, 0.06691368590045087, 0.1781891406067918, 0.0623373472402822, 0.050777149666034534, 0.11995691428389707, 0.05011433221242916, 0.0813655608357544, 0.0721485648069424, 0.04189851629019086, 0.08247835436701524, 0.03028621479709878, 0.1987109676586142, 0.04629976233022743]
Mean 1D TVD for Panel 2:
0.06817303721792033
1D TVD for Panel 3:
[0.025761784432726746, 0.028620823093748693, 0.05984692646771849, 0.05256019146472391, 0.044953195991267264, 0.10520497053327915, 0.14401256046470576, 0.12289638903251453, 0.06289680514347687, 0.10888271668095144, 0.0924687682780838, 0.06297363998885513, 0.09863810788471224, 0.08141221392027784, 0.10236522861268738, 0.051565363595489064, 0.1012756945425013, 0.11132297435387847]
Mean 1D TVD for Panel 3:
0.08098101969342211

-------------------------
2D TVD for each feature pair:
2D TVD for Panel 2:
[[0.17146102104988795, 0.19436256146947653, 0.1956104535131043, 0.23715444460016755, 0.19242441802494498, 0.2260080944981836, 0.20108020046045644, 0.18293211465944154, 0.21415355841486616, 0.18792742681574431, 0.2809627548601108, 0.18737221031088022], [0.1943625614694765, 0.06088599770557962, 0.09524010799236422, 0.14730915643813616, 0.09015532786984012, 0.3841941819053769, 0.1067545159355618, 0.08313401685146851, 0.15647409940656498, 0.08766444910998031, 0.23649709799738577, 0.09377086045012777], [0.1956104535131043, 0.09524010799236422, 0.04379674547903315, 0.14484342368868758, 0.08670873226649052, 0.31889607610804294, 0.11153374213082218, 0.08561970120222172, 0.13108327128109157, 0.08255500391085885, 0.2206959955130846, 0.08667712567373112], [0.23715444460016755, 0.1473091564381362, 0.1448434236886876, 0.11417503171398519, 0.16490609978077983, 0.4676583532457654, 0.16390112324574016, 0.13555233372382364, 0.176088624389669, 0.14309498394700107, 0.2769491985374263, 0.15228161342113017], [0.19242441802494495, 0.09015532786984011, 0.08670873226649052, 0.16490609978077983, 0.04987487709287257, 0.43941145386180314, 0.10790663853204524, 0.0758206495568233, 0.13093327387695036, 0.0819918199130415, 0.2279900316225168, 0.08107662593164233], [0.2260080944981836, 0.3841941819053768, 0.31889607610804294, 0.4676583532457653, 0.4394114538618032, 0.046775384414007255, 0.3376671421612997, 0.24233642022580099, 0.44215471896478487, 0.25649731073603443, 0.3763001986221306, 0.44347828821181445], [0.20108020046045644, 0.10675451593556179, 0.11153374213082218, 0.16390112324574013, 0.10790663853204524, 0.3376671421612998, 0.07027916593870656, 0.09691718277087695, 0.14395644872212512, 0.11317868895479197, 0.23194860456749744, 0.09708599756306462], [0.18293211465944148, 0.08313401685146851, 0.08561970120222173, 0.13555233372382366, 0.0758206495568233, 0.242336420225801, 0.09691718277087695, 0.04022825585755568, 0.11272205342269401, 0.06885573309812205, 0.21161437238626493, 0.07554801567608718], [0.2141535584148662, 0.15647409940656498, 0.13108327128109157, 0.176088624389669, 0.13093327387695036, 0.4421547189647849, 0.14395644872212515, 0.11272205342269398, 0.06832381608386262, 0.11094140122205272, 0.22468496127673737, 0.11159699708879735], [0.18792742681574431, 0.08766444910998031, 0.08255500391085883, 0.14309498394700107, 0.08199181991304151, 0.25649731073603443, 0.11317868895479197, 0.06885573309812205, 0.11094140122205273, 0.02954526706337679, 0.22121843684983683, 0.08173726102109931], [0.2809627548601108, 0.2364970979973858, 0.2206959955130846, 0.2769491985374263, 0.22799003162251677, 0.3763001986221306, 0.23194860456749744, 0.21161437238626496, 0.22468496127673737, 0.2212184368498368, 0.19700940147450174, 0.2195781429593503], [0.1873722103108802, 0.09377086045012778, 0.08667712567373113, 0.15228161342113017, 0.08107662593164233, 0.4434782882118144, 0.0970859975630646, 0.07554801567608718, 0.11159699708879735, 0.0817372610210993, 0.21957814295935024, 0.04411195869097215]]
Mean 2D TVD for Panel 2:
0.17449458034345566
2D TVD for Panel 3:
[[0.14094172489248769, 0.1981763489514481, 0.17511595361997984, 0.2041797694553108, 0.17804692734035743, 0.20225307006965906, 0.18727994548944366, 0.17147606407380156, 0.18874477268659093, 0.1579122698319609, 0.18265800322796572, 0.18199295112957148], [0.19817634895144812, 0.12125354479270978, 0.18268136188858847, 0.20898436196626305, 0.17658245163814368, 0.2939048317572712, 0.17812546644661445, 0.17180343223014521, 0.2154981339913306, 0.15626191454646354, 0.18226319641826932, 0.19032975423906046], [0.1751159536199798, 0.18268136188858844, 0.05653446780983247, 0.14653797470917346, 0.1417589235184023, 0.300473190616111, 0.14285445005330127, 0.12526547651409606, 0.1594841193601255, 0.11143217695480997, 0.15270101562804014, 0.14541810731432442], [0.2041797694553108, 0.20898436196626302, 0.14653797470917346, 0.09938328910201108, 0.2101136100482371, 0.47823481578256, 0.18460914551086843, 0.15803659826413677, 0.18617514279035463, 0.15634543381768337, 0.19471095971520064, 0.17258283778979858], [0.17804692734035746, 0.17658245163814368, 0.1417589235184023, 0.2101136100482371, 0.09210404483525966, 0.48384429624563086, 0.17359015502567163, 0.1428780723427023, 0.19663390561147714, 0.13201378034312466, 0.1800434637384083, 0.22553106324680355], [0.20225307006965906, 0.2939048317572712, 0.300473190616111, 0.47823481578256, 0.4838442962456308, 0.058790750294316935, 0.3557342273182782, 0.24948213184105736, 0.3799346324361443, 0.2758063769517159, 0.36954383045362094, 0.41842398681489135], [0.18727994548944366, 0.17812546644661442, 0.14285445005330127, 0.1846091455108684, 0.1735901550256716, 0.35573422731827814, 0.09697656544719092, 0.15234888323550796, 0.17560834203944228, 0.15311126402534592, 0.16856033666214093, 0.16712118685343363], [0.17147606407380156, 0.17180343223014524, 0.12526547651409606, 0.1580365982641368, 0.14287807234270228, 0.2494821318410573, 0.15234888323550796, 0.07729283997758596, 0.17580049850561602, 0.10934352277492548, 0.15777016319486578, 0.1617109946965171], [0.1887447726865909, 0.21549813399133066, 0.1594841193601255, 0.18617514279035463, 0.19663390561147706, 0.37993463243614434, 0.17560834203944228, 0.17580049850561605, 0.09902401298190278, 0.13631166942529868, 0.17586970245934186, 0.17606566799811535], [0.15791226983196088, 0.15626191454646357, 0.11143217695480997, 0.15634543381768337, 0.13201378034312466, 0.27580637695171584, 0.15311126402534592, 0.10934352277492551, 0.13631166942529868, 0.051191899561791036, 0.13259875799140822, 0.13646577119201309], [0.1826580032279657, 0.18226319641826938, 0.15270101562804012, 0.19471095971520064, 0.18004346373840835, 0.3695438304536208, 0.16856033666214093, 0.1577701631948658, 0.17586970245934186, 0.13259875799140824, 0.09195990099367034, 0.17786277411079393], [0.1819929511295715, 0.19032975423906046, 0.14541810731432442, 0.17258283778979858, 0.22553106324680355, 0.41842398681489146, 0.16712118685343363, 0.16171099469651712, 0.17606566799811535, 0.13646577119201309, 0.17786277411079393, 0.10841432188037531]]
Mean 2D TVD for Panel 3:
0.18941594580839338

-------------------------
Average Cluster Distance:
Average Cluster Distance for Panel 2: 0.006739352347615329
Average Cluster Distance for Panel 3: 0.005148331291640105
