Batches:
Panel 2
Panel 1 Transformed

-------------------------
Mean Summaries:
Mean Summary Reference Dataset:
[0.0874897  0.07222307 0.28167025 0.06763236 0.05596628 0.27606303
 0.20789597 0.31498487 0.40094892 0.27896227 0.35878943 0.11823231
 0.23831525 0.12768792 0.30214962 0.21655811 0.23353878 0.32150134]
Mean Summary Panel 2:
[0.08894039 0.07366201 0.28187791 0.06834821 0.05674256 0.27605188
 0.18816335 0.29546799 0.39419108 0.28415273 0.35898653 0.11889663
 0.22402964 0.12918616 0.2822417  0.21703313 0.22357405 0.31920275]
Mean Summary Panel 1 Transformed:
[0.0874897  0.07222307 0.28167025 0.06763236 0.05596628 0.27606303
 0.20833698 0.31327705 0.40003577 0.28156658 0.360154   0.12005001
 0.23782119 0.12884118 0.30367405 0.22008421 0.23123172 0.32210645]

-------------------------
MSE Difference in Means:
MSE Difference for Panel 2: 8.645341480658938e-05
MSE Difference for Panel 1 Transformed: 2.1063055894743485e-06

-------------------------
Std Summaries:
Std Summary Reference Dataset:
[0.11629444 0.05645993 0.05843266 0.08950281 0.05140481 0.07106094
 0.20455569 0.22810068 0.19054272 0.1463518  0.21994225 0.03747608
 0.2293415  0.12057932 0.24202706 0.15244269 0.16639349 0.1805466 ]
Std Summary Panel 2:
[0.11449346 0.05661234 0.05704922 0.0900148  0.05269606 0.06875317
 0.17705884 0.21752148 0.18493482 0.14718531 0.21953764 0.03879484
 0.22033971 0.11732522 0.23049311 0.15135202 0.15046387 0.18234924]
Std Summary Panel 1 Transformed:
[0.11629444 0.05645993 0.05843266 0.08950281 0.05140481 0.07106094
 0.20212673 0.21527897 0.18213055 0.12944886 0.2051475  0.01153272
 0.22590466 0.11028368 0.24100019 0.1256723  0.15799423 0.17094169]

-------------------------
MSE Difference in Standard Deviations:
MSE Difference for Panel 2: 7.762905361214598e-05
MSE Difference for Panel 1 Transformed: 0.00013427973079991665

-------------------------
1D TVD for each feature:
1D TVD for Panel 2:
[0.019219999999999994, 0.04847999999999999, 0.06190000000000001, 0.03665999999999997, 0.03367999999999998, 0.08754, 0.29152, 0.3548, 0.12905999999999998, 0.09223999999999997, 0.045040000000000004, 0.03206000000000001, 0.12923999999999997, 0.04481999999999999, 0.08918000000000001, 0.06321999999999998, 0.34512000000000004, 0.04714]
Mean 1D TVD for Panel 2:
0.10838444444444445
1D TVD for Panel 1 Transformed:
[0.0, 0.0, 0.0, 0.0, 0.0, 0.0, 0.11078000000000002, 0.46076000000000006, 0.16327999999999998, 0.3554400000000001, 0.28754, 0.8842800000000001, 0.13802000000000003, 0.21258, 0.0945, 0.32402, 0.16827999999999999, 0.29118]
Mean 1D TVD for Panel 1 Transformed:
0.19392555555555557

-------------------------
2D TVD for each feature pair:
2D TVD for Panel 2:
[[0.2864, 0.4942, 0.34426, 0.33572, 0.31272, 0.29622, 0.3519, 0.30662, 0.33453999999999995, 0.31542000000000003, 0.5174799999999999, 0.29832000000000003], [0.4942, 0.3425999999999999, 0.41854, 0.39880000000000004, 0.36244, 0.3617, 0.42198, 0.35409999999999997, 0.3704, 0.3729, 0.45332000000000006, 0.36423999999999995], [0.34426, 0.41854, 0.12038, 0.20008, 0.16874000000000003, 0.13216, 0.2143, 0.15782000000000002, 0.2022, 0.18356, 0.40404, 0.15224], [0.33572, 0.3988, 0.20007999999999998, 0.07751999999999998, 0.13391999999999998, 0.09803999999999999, 0.19979999999999998, 0.12143999999999999, 0.17950000000000002, 0.13536, 0.3758, 0.1207], [0.31272, 0.36244, 0.16874, 0.13391999999999998, 0.027620000000000006, 0.059459999999999985, 0.17903999999999998, 0.0907, 0.18851999999999997, 0.10936, 0.35746, 0.09294000000000001], [0.29622, 0.3617, 0.13216, 0.09804, 0.05945999999999998, 0.024300000000000013, 0.14614000000000002, 0.062220000000000025, 0.10365999999999999, 0.07805999999999999, 0.33995999999999993, 0.06069999999999999], [0.3519, 0.42198, 0.2143, 0.19979999999999998, 0.17904000000000003, 0.14614, 0.12126, 0.16458, 0.20334, 0.18276, 0.40296000000000004, 0.16258000000000003], [0.30662, 0.35409999999999997, 0.15782000000000002, 0.12143999999999999, 0.0907, 0.06222000000000002, 0.16458, 0.04206000000000003, 0.12982, 0.09801999999999998, 0.3492, 0.08598], [0.33454, 0.3704, 0.2022, 0.1795, 0.18851999999999997, 0.10366, 0.20333999999999997, 0.12982, 0.08150000000000002, 0.13704, 0.37298000000000003, 0.15532], [0.31542, 0.37289999999999995, 0.18356000000000003, 0.13536, 0.10935999999999998, 0.07806, 0.18276, 0.09802, 0.13704, 0.05464000000000002, 0.3465, 0.10277999999999998], [0.5174799999999999, 0.45331999999999995, 0.40403999999999995, 0.3757999999999999, 0.35746, 0.33996, 0.40296, 0.34919999999999995, 0.37298, 0.3464999999999999, 0.3248600000000001, 0.3528200000000001], [0.29832000000000003, 0.36423999999999995, 0.15224, 0.1207, 0.09294, 0.06069999999999999, 0.16258000000000003, 0.08598, 0.15532, 0.10278, 0.35282, 0.03693999999999999]]
Mean 2D TVD for Panel 2:
0.23403416666666668
2D TVD for Panel 1 Transformed:
[[0.10652, 0.5080199999999999, 0.24264, 0.47346, 0.34168, 0.75998, 0.22769999999999999, 0.27752, 0.18916, 0.43968, 0.23918000000000003, 0.34262], [0.50802, 0.45342000000000005, 0.6164399999999999, 0.6728000000000001, 0.64906, 0.8874, 0.5622199999999999, 0.61924, 0.4827199999999999, 0.5855, 0.64668, 0.66642], [0.24264000000000002, 0.6164400000000001, 0.1484, 0.46687999999999996, 0.48298, 0.6429199999999999, 0.36566, 0.46462, 0.25914, 0.534, 0.40922000000000003, 0.41388], [0.47346, 0.6728000000000001, 0.46687999999999996, 0.34291999999999995, 0.6059, 0.83432, 0.4717199999999999, 0.5056799999999999, 0.53674, 0.5402600000000001, 0.5668, 0.5628799999999999], [0.34168, 0.64906, 0.48297999999999996, 0.6058999999999999, 0.28458, 0.81384, 0.39662000000000003, 0.5355000000000001, 0.39696000000000004, 0.58828, 0.8309199999999999, 0.5491600000000001], [0.7599800000000001, 0.8874, 0.64292, 0.8343199999999998, 0.81384, 0.6901800000000001, 0.8395799999999999, 0.59224, 0.7121400000000001, 0.74316, 0.8197999999999999, 0.75974], [0.22769999999999996, 0.56222, 0.36566000000000004, 0.4717200000000001, 0.39662, 0.8395800000000001, 0.13042, 0.43243999999999994, 0.21348, 0.42462, 0.30032000000000003, 0.4551], [0.27752, 0.6192400000000001, 0.46462000000000003, 0.5056799999999999, 0.5355, 0.5922399999999999, 0.43244000000000005, 0.19832, 0.29936, 0.45720000000000005, 0.39498, 0.49074], [0.18916, 0.4827199999999999, 0.25914000000000004, 0.53674, 0.39696, 0.71214, 0.21348, 0.29936, 0.07656000000000002, 0.4091, 0.28631999999999996, 0.3408], [0.43968, 0.5855, 0.534, 0.54026, 0.58828, 0.7431599999999999, 0.42462, 0.45719999999999994, 0.4091000000000001, 0.3222399999999999, 0.5604399999999999, 0.49349999999999994], [0.23918000000000003, 0.64668, 0.40922000000000003, 0.5668000000000001, 0.8309200000000001, 0.8197999999999999, 0.30032000000000003, 0.39497999999999994, 0.28632, 0.5604399999999999, 0.16192, 0.46803999999999996], [0.34262, 0.66642, 0.41388, 0.56288, 0.5491600000000001, 0.75974, 0.45509999999999995, 0.49073999999999995, 0.34080000000000005, 0.4935, 0.46803999999999996, 0.2836]]
Mean 2D TVD for Panel 1 Transformed:
0.49024500000000004

-------------------------
Average Cluster Distance:
Average Cluster Distance for Panel 2: 0.009417592555796763
Average Mahalanobis Shift for Panel 2: 0.5127824821470363
Average Cluster Distance for Panel 1 Transformed: 0.005014742855682872
Average Mahalanobis Shift for Panel 1 Transformed: 0.5916671278045234
