Batches:
Panel 2
Panel 1 Transformed

-------------------------
Mean Summaries:
Mean Summary Reference Dataset:
[0.0874897  0.07222307 0.28167025 0.06763236 0.05596628 0.27606303
 0.20789597 0.31498487 0.40094892 0.27896227 0.35878943 0.11823231
 0.23831525 0.12768792 0.30214962 0.21655811 0.23353878 0.32150134]
Mean Summary Panel 2:
[0.08894039 0.07366201 0.28187791 0.06834821 0.05674256 0.27605188
 0.18816335 0.29546799 0.39419108 0.28415273 0.35898653 0.11889663
 0.22402964 0.12918616 0.2822417  0.21703313 0.22357405 0.31920275]
Mean Summary Panel 1 Transformed:
[0.0874897  0.07222307 0.28167025 0.06763236 0.05596628 0.27606303
 0.20659771 0.31508614 0.401234   0.27901802 0.3582222  0.11768891
 0.23718237 0.12839417 0.30263451 0.21421769 0.23450548 0.32335119]

-------------------------
MSE Difference in Means:
MSE Difference for Panel 2: 8.645341480658929e-05
MSE Difference for Panel 1 Transformed: 7.915830740435019e-07

-------------------------
Std Summaries:
Std Summary Reference Dataset:
[0.11629444 0.05645993 0.05843266 0.08950281 0.05140481 0.07106094
 0.20455569 0.22810068 0.19054272 0.1463518  0.21994225 0.03747608
 0.2293415  0.12057932 0.24202706 0.15244269 0.16639349 0.1805466 ]
Std Summary Panel 2:
[0.11449346 0.05661234 0.05704922 0.0900148  0.05269606 0.06875317
 0.17705884 0.21752148 0.18493482 0.14718531 0.21953764 0.03879484
 0.22033971 0.11732522 0.23049311 0.15135202 0.15046387 0.18234924]
Std Summary Panel 1 Transformed:
[0.11629444 0.05645993 0.05843266 0.08950281 0.05140481 0.07106094
 0.20267911 0.22526436 0.18551303 0.12358946 0.21232222 0.01123262
 0.22823318 0.09722865 0.24211477 0.14378181 0.15863    0.17489829]

-------------------------
MSE Difference in Standard Deviations:
MSE Difference for Panel 2: 7.762905361214631e-05
MSE Difference for Panel 1 Transformed: 0.00011196936577107552

-------------------------
1D TVD for each feature:
1D TVD for Panel 2:
[0.019219999999999994, 0.04847999999999999, 0.06190000000000001, 0.03665999999999997, 0.03367999999999998, 0.08754, 0.29152, 0.3548, 0.12905999999999998, 0.09223999999999997, 0.045040000000000004, 0.03206000000000001, 0.12923999999999997, 0.04481999999999999, 0.08918000000000001, 0.06321999999999998, 0.34512000000000004, 0.04714]
Mean 1D TVD for Panel 2:
0.10838444444444445
1D TVD for Panel 1 Transformed:
[0.0, 0.0, 0.0, 0.0, 0.0, 0.0, 0.06167999999999999, 0.22654, 0.15497999999999998, 0.40704, 0.21253999999999998, 0.86244, 0.06647999999999998, 0.34508, 0.08104, 0.15261999999999998, 0.28543999999999997, 0.25804]
Mean 1D TVD for Panel 1 Transformed:
0.1729955555555555

-------------------------
2D TVD for each feature pair:
2D TVD for Panel 2:
[[0.2864, 0.4942, 0.34426, 0.33572, 0.31272, 0.29622, 0.3519, 0.30662, 0.33453999999999995, 0.31542000000000003, 0.5174799999999999, 0.29832000000000003], [0.4942, 0.3425999999999999, 0.41854, 0.39880000000000004, 0.36244, 0.3617, 0.42198, 0.35409999999999997, 0.3704, 0.3729, 0.45332000000000006, 0.36423999999999995], [0.34426, 0.41854, 0.12038, 0.20008, 0.16874000000000003, 0.13216, 0.2143, 0.15782000000000002, 0.2022, 0.18356, 0.40404, 0.15224], [0.33572, 0.3988, 0.20007999999999998, 0.07751999999999998, 0.13391999999999998, 0.09803999999999999, 0.19979999999999998, 0.12143999999999999, 0.17950000000000002, 0.13536, 0.3758, 0.1207], [0.31272, 0.36244, 0.16874, 0.13391999999999998, 0.027620000000000006, 0.059459999999999985, 0.17903999999999998, 0.0907, 0.18851999999999997, 0.10936, 0.35746, 0.09294000000000001], [0.29622, 0.3617, 0.13216, 0.09804, 0.05945999999999998, 0.024300000000000013, 0.14614000000000002, 0.062220000000000025, 0.10365999999999999, 0.07805999999999999, 0.33995999999999993, 0.06069999999999999], [0.3519, 0.42198, 0.2143, 0.19979999999999998, 0.17904000000000003, 0.14614, 0.12126, 0.16458, 0.20334, 0.18276, 0.40296000000000004, 0.16258000000000003], [0.30662, 0.35409999999999997, 0.15782000000000002, 0.12143999999999999, 0.0907, 0.06222000000000002, 0.16458, 0.04206000000000003, 0.12982, 0.09801999999999998, 0.3492, 0.08598], [0.33454, 0.3704, 0.2022, 0.1795, 0.18851999999999997, 0.10366, 0.20333999999999997, 0.12982, 0.08150000000000002, 0.13704, 0.37298000000000003, 0.15532], [0.31542, 0.37289999999999995, 0.18356000000000003, 0.13536, 0.10935999999999998, 0.07806, 0.18276, 0.09802, 0.13704, 0.05464000000000002, 0.3465, 0.10277999999999998], [0.5174799999999999, 0.45331999999999995, 0.40403999999999995, 0.3757999999999999, 0.35746, 0.33996, 0.40296, 0.34919999999999995, 0.37298, 0.3464999999999999, 0.3248600000000001, 0.3528200000000001], [0.29832000000000003, 0.36423999999999995, 0.15224, 0.1207, 0.09294, 0.06069999999999999, 0.16258000000000003, 0.08598, 0.15532, 0.10278, 0.35282, 0.03693999999999999]]
Mean 2D TVD for Panel 2:
0.23403416666666668
2D TVD for Panel 1 Transformed:
[[0.052739999999999995, 0.27052, 0.19916000000000003, 0.5116400000000001, 0.25404, 0.68482, 0.13734, 0.36934, 0.13846, 0.25183999999999995, 0.28756000000000004, 0.27752], [0.27052, 0.21764, 0.31522000000000006, 0.59416, 0.40158, 0.67112, 0.26988, 0.59242, 0.26364, 0.34696000000000005, 0.52264, 0.37060000000000004], [0.19916, 0.31522000000000006, 0.15086, 0.51844, 0.33740000000000003, 0.7803400000000001, 0.2235, 0.44964, 0.23659999999999998, 0.3592000000000001, 0.39124, 0.33630000000000004], [0.51164, 0.5941599999999999, 0.5184399999999999, 0.39164, 0.60344, 0.9902599999999999, 0.5107600000000001, 0.6053999999999999, 0.54758, 0.502, 0.6257599999999999, 0.59978], [0.25404000000000004, 0.40157999999999994, 0.33740000000000003, 0.60344, 0.20404, 0.8037399999999999, 0.2777, 0.6334000000000001, 0.30990000000000006, 0.35504, 0.52902, 0.49058], [0.6848200000000001, 0.67112, 0.78034, 0.9902599999999999, 0.8037399999999999, 0.6970400000000001, 0.8669, 0.9152, 0.80528, 0.58946, 0.6666, 0.6045400000000001], [0.13734000000000002, 0.26988, 0.22349999999999998, 0.51076, 0.2777, 0.8669, 0.05622000000000003, 0.41636, 0.13688, 0.27434000000000003, 0.29756000000000005, 0.28269999999999995], [0.36934, 0.5924200000000001, 0.44964000000000004, 0.6054, 0.6334, 0.9152, 0.41636000000000006, 0.33236000000000004, 0.47382, 0.43588, 0.6378, 0.52824], [0.13846, 0.26364, 0.23659999999999998, 0.54758, 0.3099, 0.80528, 0.13688, 0.47382, 0.07117999999999997, 0.23162, 0.32295999999999997, 0.28572], [0.25184, 0.34696, 0.35919999999999996, 0.502, 0.35503999999999997, 0.58946, 0.27434, 0.43587999999999993, 0.23162000000000002, 0.14632000000000006, 0.41303999999999996, 0.36079999999999995], [0.28756, 0.52264, 0.39124000000000003, 0.6257600000000001, 0.5290199999999999, 0.6666000000000001, 0.29756000000000005, 0.6378, 0.32295999999999997, 0.41304, 0.27124000000000004, 0.41490000000000005], [0.27752, 0.3706, 0.33630000000000004, 0.59978, 0.49058, 0.60454, 0.2827, 0.52824, 0.28572, 0.36079999999999995, 0.41490000000000005, 0.24286]]
Mean 2D TVD for Panel 1 Transformed:
0.43229375000000003

-------------------------
Average Cluster Distance:
Average Cluster Distance for Panel 2: 0.004994395801179634
Average Mahalanobis Shift for Panel 2: 0.6522382749027772
Average Cluster Distance for Panel 1 Transformed: 0.007736228015717593
Average Mahalanobis Shift for Panel 1 Transformed: 0.6718152382455563
