Batches:
Panel 1 Transformed

-------------------------
Mean Summaries:
Mean Summary Reference Dataset:
[0.0874897  0.07222307 0.28167025 0.06763236 0.05596628 0.27606303
 0.20789597 0.31498487 0.40094892 0.27896227 0.35878943 0.11823231
 0.23831525 0.12768792 0.30214962 0.21655811 0.23353878 0.32150134]
Mean Summary Panel 1 Transformed:
[0.0874897  0.07222307 0.28167025 0.06763236 0.05596628 0.27606303
 0.20696121 0.31577681 0.40496409 0.27815488 0.35735415 0.11918789
 0.23785707 0.12771331 0.30334902 0.21783587 0.23351445 0.32565928]

-------------------------
MSE Difference in Means:
MSE Difference for Panel 1 Transformed: 2.3232448658429634e-06

-------------------------
Std Summaries:
Std Summary Reference Dataset:
[0.11629444 0.05645993 0.05843266 0.08950281 0.05140481 0.07106094
 0.20455569 0.22810068 0.19054272 0.1463518  0.21994225 0.03747608
 0.2293415  0.12057932 0.24202706 0.15244269 0.16639349 0.1805466 ]
Std Summary Panel 1 Transformed:
[0.11629444 0.05645993 0.05843266 0.08950281 0.05140481 0.07106094
 0.18599595 0.20637275 0.18133122 0.1233894  0.19552995 0.00971808
 0.22164837 0.04820256 0.19103843 0.1407238  0.15353516 0.15643337]

-------------------------
MSE Difference in Standard Deviations:
MSE Difference for Panel 1 Transformed: 0.0006431497134265425

-------------------------
1D TVD for each feature:
1D TVD for Panel 1 Transformed:
[0.0, 0.0, 0.0, 0.0, 0.0, 0.0, 0.2484, 0.33184, 0.17099999999999999, 0.47186000000000006, 0.33359999999999995, 0.96614, 0.17352, 0.5197999999999999, 0.49762, 0.14088, 0.35262, 0.41952]
Mean 1D TVD for Panel 1 Transformed:
0.25704444444444446

-------------------------
2D TVD for each feature pair:
2D TVD for Panel 1 Transformed:
[[0.24494000000000002, 0.59872, 0.46256, 0.8362, 0.5636, 0.9741400000000002, 0.39258, 0.7363, 0.6990999999999999, 0.43112, 0.51012, 0.5695399999999999], [0.5987199999999999, 0.32758, 0.4679, 0.69126, 0.8899, 1.09094, 0.50274, 0.8003, 1.19762, 0.4989, 0.83112, 0.6286999999999999], [0.46256, 0.4679, 0.15045999999999998, 0.6276600000000001, 0.5102599999999999, 0.85704, 0.35278000000000004, 0.8719399999999999, 0.63494, 0.3177, 0.48774, 0.5653], [0.8361999999999999, 0.69126, 0.6276599999999999, 0.46274, 0.79176, 1.0361600000000002, 0.57776, 0.80952, 0.8941, 0.5723199999999999, 0.7039, 0.77862], [0.5636, 0.8898999999999999, 0.51026, 0.79176, 0.32538000000000006, 0.8286800000000001, 0.5228, 0.82948, 1.01156, 0.53196, 1.20606, 0.81416], [0.9741399999999999, 1.0909400000000002, 0.8570400000000001, 1.0361600000000002, 0.82868, 0.7489000000000001, 0.74326, 1.11192, 0.99404, 0.5055599999999999, 0.7771199999999999, 0.89608], [0.39258000000000004, 0.50274, 0.35278, 0.57776, 0.5228, 0.7432599999999999, 0.16404, 0.6575, 0.6735599999999999, 0.30384, 0.45363999999999993, 0.55538], [0.7363, 0.8002999999999999, 0.87194, 0.8095199999999999, 0.82948, 1.11192, 0.6575000000000001, 0.49714, 0.8071400000000001, 0.6518, 0.8504999999999999, 0.8830600000000001], [0.6990999999999999, 1.19762, 0.6349400000000001, 0.8940999999999998, 1.0115599999999998, 0.9940399999999998, 0.67356, 0.80714, 0.49156, 0.6979600000000001, 0.9804999999999999, 0.86584], [0.43112, 0.49890000000000007, 0.3177, 0.57232, 0.53196, 0.50556, 0.30384000000000005, 0.6518, 0.69796, 0.13777999999999999, 0.49006000000000005, 0.5211399999999999], [0.51012, 0.8311200000000001, 0.48774, 0.7039, 1.20606, 0.77712, 0.45364, 0.8504999999999998, 0.9805, 0.49006, 0.34898, 0.68442], [0.5695399999999999, 0.6287000000000001, 0.5653, 0.77862, 0.81416, 0.89608, 0.55538, 0.88306, 0.8658399999999999, 0.5211399999999999, 0.68442, 0.41483999999999993]]
Mean 2D TVD for Panel 1 Transformed:
0.6773479166666667

-------------------------
Average Cluster Distance:
Average Cluster Distance for Panel 1 Transformed: 0.02105133651959822
Average Mahalanobis Shift for Panel 1 Transformed: 0.7391158492056608
