Batches:
Panel 2
Panel 1 Transformed

-------------------------
Mean Summaries:
Mean Summary Reference Dataset:
[0.0874897  0.07222307 0.28167025 0.06763236 0.05596628 0.27606303
 0.20789597 0.31498487 0.40094892 0.27896227 0.35878943 0.11823231
 0.23831525 0.12768792 0.30214962 0.21655811 0.23353878 0.32150134]
Mean Summary Panel 2:
[0.08894039 0.07366201 0.28187791 0.06834821 0.05674256 0.27605188
 0.18816335 0.29546799 0.39419108 0.28415273 0.35898653 0.11889663
 0.22402964 0.12918616 0.2822417  0.21703313 0.22357405 0.31920275]
Mean Summary Panel 1 Transformed:
[0.0874897  0.07222307 0.28167025 0.06763236 0.05596628 0.27606303
 0.20958417 0.312767   0.40197744 0.27422001 0.3578141  0.11865282
 0.23675532 0.12737076 0.30173405 0.21401246 0.23501105 0.3204413 ]

-------------------------
MSE Difference in Means:
MSE Difference for Panel 2: 8.645341480658929e-05
MSE Difference for Panel 1 Transformed: 2.495680156041753e-06

-------------------------
Std Summaries:
Std Summary Reference Dataset:
[0.11629444 0.05645993 0.05843266 0.08950281 0.05140481 0.07106094
 0.20455569 0.22810068 0.19054272 0.1463518  0.21994225 0.03747608
 0.2293415  0.12057932 0.24202706 0.15244269 0.16639349 0.1805466 ]
Std Summary Panel 2:
[0.11449346 0.05661234 0.05704922 0.0900148  0.05269606 0.06875317
 0.17705884 0.21752148 0.18493482 0.14718531 0.21953764 0.03879484
 0.22033971 0.11732522 0.23049311 0.15135202 0.15046387 0.18234924]
Std Summary Panel 1 Transformed:
[0.11629444 0.05645993 0.05843266 0.08950281 0.05140481 0.07106094
 0.20102696 0.21803907 0.18245855 0.12822528 0.21176211 0.01007548
 0.22607542 0.10500458 0.24116426 0.13815468 0.15728131 0.16980187]

-------------------------
MSE Difference in Standard Deviations:
MSE Difference for Panel 2: 7.762905361214631e-05
MSE Difference for Panel 1 Transformed: 0.00011010739592945431

-------------------------
1D TVD for each feature:
1D TVD for Panel 2:
[0.019219999999999994, 0.04847999999999999, 0.06190000000000001, 0.03665999999999997, 0.03367999999999998, 0.08754, 0.29152, 0.3548, 0.12905999999999998, 0.09223999999999997, 0.045040000000000004, 0.03206000000000001, 0.12923999999999997, 0.04481999999999999, 0.08918000000000001, 0.06321999999999998, 0.34512000000000004, 0.04714]
Mean 1D TVD for Panel 2:
0.10838444444444445
1D TVD for Panel 1 Transformed:
[0.0, 0.0, 0.0, 0.0, 0.0, 0.0, 0.12275999999999998, 0.27658, 0.12696000000000002, 0.35008, 0.22956, 1.00438, 0.16004000000000002, 0.18984, 0.09867999999999999, 0.20146, 0.2947, 0.24267999999999995]
Mean 1D TVD for Panel 1 Transformed:
0.18320666666666668

-------------------------
2D TVD for each feature pair:
2D TVD for Panel 2:
[[0.2864, 0.4942, 0.34426, 0.33572, 0.31272, 0.29622, 0.3519, 0.30662, 0.33453999999999995, 0.31542000000000003, 0.5174799999999999, 0.29832000000000003], [0.4942, 0.3425999999999999, 0.41854, 0.39880000000000004, 0.36244, 0.3617, 0.42198, 0.35409999999999997, 0.3704, 0.3729, 0.45332000000000006, 0.36423999999999995], [0.34426, 0.41854, 0.12038, 0.20008, 0.16874000000000003, 0.13216, 0.2143, 0.15782000000000002, 0.2022, 0.18356, 0.40404, 0.15224], [0.33572, 0.3988, 0.20007999999999998, 0.07751999999999998, 0.13391999999999998, 0.09803999999999999, 0.19979999999999998, 0.12143999999999999, 0.17950000000000002, 0.13536, 0.3758, 0.1207], [0.31272, 0.36244, 0.16874, 0.13391999999999998, 0.027620000000000006, 0.059459999999999985, 0.17903999999999998, 0.0907, 0.18851999999999997, 0.10936, 0.35746, 0.09294000000000001], [0.29622, 0.3617, 0.13216, 0.09804, 0.05945999999999998, 0.024300000000000013, 0.14614000000000002, 0.062220000000000025, 0.10365999999999999, 0.07805999999999999, 0.33995999999999993, 0.06069999999999999], [0.3519, 0.42198, 0.2143, 0.19979999999999998, 0.17904000000000003, 0.14614, 0.12126, 0.16458, 0.20334, 0.18276, 0.40296000000000004, 0.16258000000000003], [0.30662, 0.35409999999999997, 0.15782000000000002, 0.12143999999999999, 0.0907, 0.06222000000000002, 0.16458, 0.04206000000000003, 0.12982, 0.09801999999999998, 0.3492, 0.08598], [0.33454, 0.3704, 0.2022, 0.1795, 0.18851999999999997, 0.10366, 0.20333999999999997, 0.12982, 0.08150000000000002, 0.13704, 0.37298000000000003, 0.15532], [0.31542, 0.37289999999999995, 0.18356000000000003, 0.13536, 0.10935999999999998, 0.07806, 0.18276, 0.09802, 0.13704, 0.05464000000000002, 0.3465, 0.10277999999999998], [0.5174799999999999, 0.45331999999999995, 0.40403999999999995, 0.3757999999999999, 0.35746, 0.33996, 0.40296, 0.34919999999999995, 0.37298, 0.3464999999999999, 0.3248600000000001, 0.3528200000000001], [0.29832000000000003, 0.36423999999999995, 0.15224, 0.1207, 0.09294, 0.06069999999999999, 0.16258000000000003, 0.08598, 0.15532, 0.10278, 0.35282, 0.03693999999999999]]
Mean 2D TVD for Panel 2:
0.23403416666666668
2D TVD for Panel 1 Transformed:
[[0.11253999999999997, 0.35000000000000003, 0.24244000000000002, 0.5148999999999999, 0.3016, 0.6796199999999999, 0.24182, 0.24406000000000005, 0.20416, 0.37534, 0.33455999999999997, 0.28608], [0.35000000000000003, 0.27322, 0.38816, 0.5386000000000001, 0.4757, 0.85364, 0.38714000000000004, 0.48452000000000006, 0.33736, 0.3973, 0.5968800000000001, 0.41516], [0.24244000000000002, 0.38816, 0.11642000000000001, 0.46192000000000005, 0.36556, 0.65382, 0.32098000000000004, 0.3075, 0.2339, 0.3799, 0.44539999999999996, 0.38384], [0.5148999999999999, 0.5386, 0.46192, 0.32864, 0.548, 0.87388, 0.47876, 0.42142, 0.52084, 0.44714, 0.5777, 0.5060999999999999], [0.3016, 0.4757, 0.36556, 0.548, 0.22382, 0.7046799999999999, 0.34192, 0.43136, 0.31039999999999995, 0.37516, 0.8045399999999999, 0.43312], [0.67962, 0.8536400000000001, 0.65382, 0.8738799999999999, 0.70468, 0.71648, 0.72838, 0.9092, 0.7529, 0.90152, 0.80394, 0.7600400000000002], [0.24181999999999998, 0.38714000000000004, 0.32098000000000004, 0.47875999999999996, 0.34192, 0.72838, 0.15128000000000003, 0.4141, 0.23403999999999997, 0.36544, 0.36462000000000006, 0.47202], [0.24406, 0.48451999999999995, 0.30749999999999994, 0.4214200000000001, 0.43136, 0.9092000000000001, 0.41409999999999997, 0.18064, 0.2642, 0.34378000000000003, 0.45124, 0.44588], [0.20416, 0.33736, 0.2339, 0.52084, 0.3104, 0.7529000000000001, 0.23403999999999997, 0.2642, 0.0849, 0.27806, 0.35846, 0.27978000000000003], [0.37534, 0.3973, 0.3799, 0.44714, 0.37516, 0.90152, 0.36544, 0.34378000000000003, 0.27806, 0.19306000000000006, 0.44748, 0.34975999999999996], [0.33455999999999997, 0.5968800000000001, 0.44539999999999996, 0.5776999999999999, 0.80454, 0.8039399999999999, 0.36462, 0.45124, 0.35846, 0.44748, 0.28226000000000007, 0.47630000000000006], [0.28608, 0.4151600000000001, 0.38383999999999996, 0.5061, 0.43312, 0.7600400000000002, 0.47202, 0.44588, 0.27978000000000003, 0.34976, 0.47629999999999995, 0.23199999999999993]]
Mean 2D TVD for Panel 1 Transformed:
0.44202291666666665

-------------------------
Average Cluster Distance:
