Batches:
Panel 1 Transformed

-------------------------
Mean Summaries:
Mean Summary Reference Dataset:
[0.0874897  0.07222307 0.28167025 0.06763236 0.05596628 0.27606303
 0.20789597 0.31498487 0.40094892 0.27896227 0.35878943 0.11823231
 0.23831525 0.12768792 0.30214962 0.21655811 0.23353878 0.32150134]
Mean Summary Panel 1 Transformed:
[0.0874897  0.07222307 0.28167025 0.06763236 0.05596628 0.27606303
 0.20617982 0.31350012 0.40091068 0.27753661 0.35841576 0.11814742
 0.23858643 0.12859445 0.30420323 0.21359757 0.23676555 0.32215442]

-------------------------
MSE Difference in Means:
MSE Difference for Panel 1 Transformed: 1.7803581622272875e-06

-------------------------
Std Summaries:
Std Summary Reference Dataset:
[0.11629444 0.05645993 0.05843266 0.08950281 0.05140481 0.07106094
 0.20455569 0.22810068 0.19054272 0.1463518  0.21994225 0.03747608
 0.2293415  0.12057932 0.24202706 0.15244269 0.16639349 0.1805466 ]
Std Summary Panel 1 Transformed:
[0.11629444 0.05645993 0.05843266 0.08950281 0.05140481 0.07106094
 0.1860428  0.21520068 0.1651568  0.1302938  0.19794518 0.01302405
 0.21328973 0.05955889 0.24131225 0.13650519 0.15758715 0.14449122]

-------------------------
MSE Difference in Standard Deviations:
MSE Difference for Panel 1 Transformed: 0.00045035690340743096

-------------------------
1D TVD for each feature:
1D TVD for Panel 1 Transformed:
[0.0, 0.0, 0.0, 0.0, 0.0, 0.0, 0.59148, 0.31776000000000004, 0.37716000000000005, 0.29322000000000004, 0.41326, 1.02502, 0.27652, 0.36777999999999994, 0.1084, 0.16290000000000002, 0.23852, 0.68378]
Mean 1D TVD for Panel 1 Transformed:
0.2697666666666667

-------------------------
2D TVD for each feature pair:
2D TVD for Panel 1 Transformed:
[[0.5880799999999999, 0.75664, 0.7511199999999999, 0.92964, 0.8282600000000001, 0.9542200000000001, 0.7366799999999999, 0.8365800000000001, 0.65546, 0.64132, 0.7983199999999999, 1.12022], [0.75664, 0.31388, 0.59222, 0.55376, 1.0353, 1.05012, 0.5341, 0.94916, 0.39398, 0.56648, 0.7607000000000002, 0.91804], [0.75112, 0.59222, 0.3691, 0.68666, 0.6827000000000001, 0.85496, 0.7375, 0.8169599999999999, 0.50078, 0.58502, 0.6729200000000001, 1.15144], [0.92964, 0.5537599999999999, 0.6866599999999999, 0.27227999999999997, 0.6683599999999998, 0.7378799999999999, 0.6744, 0.55782, 0.43962, 0.41725999999999996, 0.58768, 0.8074999999999999], [0.8282600000000001, 1.0353, 0.6827000000000001, 0.66836, 0.39436, 0.78868, 0.62596, 0.93726, 0.5325000000000001, 0.58968, 1.03944, 1.02488], [0.95422, 1.0501200000000004, 0.8549599999999999, 0.7378799999999999, 0.7886800000000002, 0.6893800000000002, 0.90692, 1.1472200000000001, 0.61222, 0.9281, 0.74632, 1.1094799999999998], [0.73668, 0.5341, 0.7375, 0.6744, 0.6259600000000001, 0.90692, 0.27124, 0.6709999999999999, 0.40442, 0.42132000000000003, 0.46842, 0.8142799999999999], [0.83658, 0.9491599999999999, 0.8169600000000001, 0.55782, 0.93726, 1.14722, 0.671, 0.36772, 0.6020000000000001, 0.65852, 0.75044, 0.9303400000000001], [0.65546, 0.39398, 0.50078, 0.43962, 0.5325, 0.61222, 0.40442, 0.602, 0.08862, 0.27068000000000003, 0.3527, 0.72944], [0.64132, 0.56648, 0.5850199999999999, 0.41725999999999996, 0.5896799999999999, 0.9281, 0.42132000000000003, 0.6585200000000001, 0.27068, 0.15803999999999999, 0.38132000000000005, 0.76456], [0.79832, 0.7606999999999999, 0.67292, 0.58768, 1.03944, 0.7463199999999999, 0.46841999999999995, 0.75044, 0.3527, 0.38132, 0.2283, 0.9361000000000002], [1.12022, 0.91804, 1.15144, 0.8074999999999999, 1.0248799999999998, 1.10948, 0.8142800000000001, 0.93034, 0.72944, 0.7645599999999999, 0.9361000000000002, 0.68328]]
Mean 2D TVD for Panel 1 Transformed:
0.698585

-------------------------
Average Cluster Distance:
Average Cluster Distance for Panel 1 Transformed: 0.014902238199689926
Average Mahalanobis Shift for Panel 1 Transformed: 0.609927970658813
