Batches:
Panel 1 Transformed

-------------------------
Mean Summaries:
Mean Summary Reference Dataset:
[0.0874897  0.07222307 0.28167025 0.06763236 0.05596628 0.27606303
 0.20789597 0.31498487 0.40094892 0.27896227 0.35878943 0.11823231
 0.23831525 0.12768792 0.30214962 0.21655811 0.23353878 0.32150134]
Mean Summary Panel 1 Transformed:
[0.0874897  0.07222307 0.28167025 0.06763236 0.05596628 0.27606303
 0.21046489 0.31987375 0.39746405 0.27667388 0.36193822 0.11962033
 0.23759863 0.12563065 0.30185423 0.22120344 0.23646608 0.32234082]

-------------------------
MSE Difference in Means:
MSE Difference for Panel 1 Transformed: 5.300503157341054e-06

-------------------------
Std Summaries:
Std Summary Reference Dataset:
[0.11629444 0.05645993 0.05843266 0.08950281 0.05140481 0.07106094
 0.20455569 0.22810068 0.19054272 0.1463518  0.21994225 0.03747608
 0.2293415  0.12057932 0.24202706 0.15244269 0.16639349 0.1805466 ]
Std Summary Panel 1 Transformed:
[0.11629444 0.05645993 0.05843266 0.08950281 0.05140481 0.07106094
 0.16903048 0.20392072 0.15516578 0.1277181  0.20136183 0.01357909
 0.20304153 0.04347656 0.21965564 0.08030903 0.15247051 0.14465876]

-------------------------
MSE Difference in Standard Deviations:
MSE Difference for Panel 1 Transformed: 0.0010102114722967514

-------------------------
1D TVD for each feature:
1D TVD for Panel 1 Transformed:
[0.0, 0.0, 0.0, 0.0, 0.0, 0.0, 0.5264, 0.29938, 0.42626, 0.28998, 0.23711999999999997, 1.1728000000000003, 0.21929999999999997, 0.49339999999999995, 0.26542, 0.81774, 0.5442, 0.7012600000000001]
Mean 1D TVD for Panel 1 Transformed:
0.3329588888888889

-------------------------
2D TVD for each feature pair:
2D TVD for Panel 1 Transformed:
[[0.51034, 0.7222199999999999, 0.86226, 1.2631600000000003, 0.70492, 0.9006400000000001, 0.74614, 0.8302999999999999, 0.7978799999999999, 1.28572, 0.8158, 0.9348399999999999], [0.72222, 0.29447999999999996, 0.70056, 0.5938599999999999, 1.03678, 0.9054600000000002, 0.5376, 0.91672, 0.529, 1.01218, 1.03864, 0.9259200000000001], [0.8622599999999998, 0.7005600000000001, 0.41854, 0.8911600000000001, 0.65012, 0.9542199999999998, 0.92682, 1.03762, 0.6332800000000001, 0.9815799999999999, 0.7862199999999999, 1.15208], [1.2631599999999998, 0.5938599999999999, 0.89116, 0.26877999999999996, 0.53388, 0.9295599999999999, 0.5908, 0.71044, 0.62582, 1.34938, 0.73652, 0.80772], [0.7049200000000001, 1.03678, 0.65012, 0.53388, 0.22447999999999999, 0.9834399999999999, 0.48758, 0.83412, 0.5411999999999999, 1.01976, 0.9496199999999999, 0.9112], [0.9006400000000001, 0.90546, 0.95422, 0.9295599999999999, 0.9834400000000001, 0.67962, 0.94224, 1.2028999999999999, 0.7889, 1.103, 1.02372, 1.1861399999999998], [0.7461399999999999, 0.5375999999999999, 0.92682, 0.5908, 0.48758, 0.9422400000000001, 0.20766, 1.02108, 0.42768000000000006, 0.9763999999999999, 0.6627799999999999, 0.82296], [0.8303, 0.9167200000000001, 1.0376199999999998, 0.7104400000000001, 0.83412, 1.2028999999999999, 1.02108, 0.4925800000000001, 0.87186, 1.05926, 1.02218, 1.0206600000000001], [0.79788, 0.529, 0.63328, 0.62582, 0.5412, 0.7888999999999999, 0.42768, 0.8718600000000001, 0.25734, 1.00832, 0.6333199999999999, 0.78654], [1.28572, 1.0121799999999999, 0.9815800000000001, 1.3493800000000002, 1.0197600000000002, 1.103, 0.9764, 1.05926, 1.0083199999999999, 0.8042800000000001, 1.1496799999999998, 1.2624], [0.8158000000000001, 1.0386399999999998, 0.7862199999999999, 0.7365200000000001, 0.9496199999999999, 1.02372, 0.6627799999999999, 1.0221799999999999, 0.63332, 1.14968, 0.53914, 0.96676], [0.9348399999999999, 0.92592, 1.15208, 0.80772, 0.9112, 1.18614, 0.82296, 1.02066, 0.78654, 1.2624, 0.96676, 0.6951399999999999]]
Mean 2D TVD for Panel 1 Transformed:
0.8433293055555556

-------------------------
Average Cluster Distance:
Average Cluster Distance for Panel 1 Transformed: 0.006999030169682111
Average Mahalanobis Shift for Panel 1 Transformed: 0.8701134348051636
