Batches:
Panel 1 Transformed

-------------------------
Mean Summaries:
Mean Summary Reference Dataset:
[0.0874897  0.07222307 0.28167025 0.06763236 0.05596628 0.27606303
 0.20789597 0.31498487 0.40094892 0.27896227 0.35878943 0.11823231
 0.23831525 0.12768792 0.30214962 0.21655811 0.23353878 0.32150134]
Mean Summary Panel 1 Transformed:
[0.0874897  0.07222307 0.28167025 0.06763236 0.05596628 0.27606303
 0.20790186 0.31273939 0.40191028 0.27647064 0.3613302  0.11932237
 0.23842532 0.12864359 0.30340848 0.21430312 0.23677963 0.31957293]

-------------------------
MSE Difference in Means:
MSE Difference for Panel 1 Transformed: 2.313074810949246e-06

-------------------------
Std Summaries:
Std Summary Reference Dataset:
[0.11629444 0.05645993 0.05843266 0.08950281 0.05140481 0.07106094
 0.20455569 0.22810068 0.19054272 0.1463518  0.21994225 0.03747608
 0.2293415  0.12057932 0.24202706 0.15244269 0.16639349 0.1805466 ]
Std Summary Panel 1 Transformed:
[0.11629444 0.05645993 0.05843266 0.08950281 0.05140481 0.07106094
 0.19876977 0.21414772 0.18499213 0.12965775 0.20105315 0.01111162
 0.22183233 0.10920283 0.24090328 0.11682882 0.1585844  0.1580204 ]

-------------------------
MSE Difference in Standard Deviations:
MSE Difference for Panel 1 Transformed: 0.00020074334626521417

-------------------------
1D TVD for each feature:
1D TVD for Panel 1 Transformed:
[0.0, 0.0, 0.0, 0.0, 0.0, 0.0, 0.1436, 0.5908, 0.1562, 0.31754000000000004, 0.39657999999999993, 0.86642, 0.1856, 0.38639999999999997, 0.09744000000000001, 0.3399, 0.2092, 0.59956]
Mean 1D TVD for Panel 1 Transformed:
0.23829111111111112

-------------------------
2D TVD for each feature pair:
2D TVD for Panel 1 Transformed:
[[0.13618, 0.62294, 0.25923999999999997, 0.47266, 0.46646, 0.56772, 0.27628, 0.41284, 0.20952, 0.45708, 0.32034000000000007, 0.6259], [0.62294, 0.57708, 0.7451599999999999, 0.71736, 0.7801799999999999, 0.90442, 0.71386, 0.7620200000000001, 0.6106799999999999, 0.71264, 0.7698400000000001, 0.91876], [0.25924, 0.74516, 0.14329999999999998, 0.45544, 0.61408, 0.90646, 0.3843, 0.45254, 0.25888, 0.5048, 0.45838, 0.6749400000000001], [0.47265999999999997, 0.71736, 0.45543999999999996, 0.31312000000000006, 0.6542, 0.9290799999999999, 0.4562799999999999, 0.45734, 0.48151999999999995, 0.544, 0.53904, 0.70618], [0.46646, 0.78018, 0.61408, 0.6542, 0.39477999999999996, 0.8048599999999999, 0.54526, 0.6513800000000001, 0.50896, 0.84642, 0.97584, 0.91914], [0.56772, 0.9044200000000001, 0.9064599999999999, 0.92908, 0.8048600000000001, 0.7576600000000002, 0.82786, 0.75964, 0.6660400000000002, 0.7589199999999998, 0.7459, 0.91202], [0.27627999999999997, 0.7138599999999999, 0.3843, 0.45628, 0.5452600000000001, 0.82786, 0.17504, 0.46058, 0.2679, 0.44262, 0.41744000000000003, 0.7156399999999999], [0.41284, 0.7620199999999999, 0.45254000000000005, 0.45734, 0.6513800000000001, 0.75964, 0.46058, 0.2909999999999999, 0.40094, 0.5439799999999999, 0.5030199999999999, 0.7804800000000001], [0.20952, 0.6106799999999999, 0.25888, 0.48152, 0.50896, 0.66604, 0.2679, 0.40093999999999996, 0.08784000000000003, 0.40900000000000003, 0.3614, 0.6471800000000001], [0.45708000000000004, 0.7126399999999999, 0.5048, 0.544, 0.84642, 0.7589199999999999, 0.44262, 0.54398, 0.40900000000000003, 0.33184, 0.73306, 0.7348], [0.32033999999999996, 0.7698400000000001, 0.45837999999999995, 0.53904, 0.97584, 0.7459, 0.41744000000000003, 0.50302, 0.3614, 0.73306, 0.20183999999999996, 0.7996399999999999], [0.6258999999999999, 0.91876, 0.67494, 0.70618, 0.9191400000000001, 0.91202, 0.7156399999999999, 0.78048, 0.64718, 0.7347999999999999, 0.7996400000000001, 0.57502]]
Mean 2D TVD for Panel 1 Transformed:
0.5824393055555556

-------------------------
Average Cluster Distance:
Average Cluster Distance for Panel 1 Transformed: 0.004989196912421491
Average Mahalanobis Shift for Panel 1 Transformed: 0.6455009741895307
