Batches:
Panel 2
Panel 1 Transformed

-------------------------
Mean Summaries:
Mean Summary Reference Dataset:
[0.0874897  0.07222307 0.28167025 0.06763236 0.05596628 0.27606303
 0.20789597 0.31498487 0.40094892 0.27896227 0.35878943 0.11823231
 0.23831525 0.12768792 0.30214962 0.21655811 0.23353878 0.32150134]
Mean Summary Panel 2:
[0.08894039 0.07366201 0.28187791 0.06834821 0.05674256 0.27605188
 0.18816335 0.29546799 0.39419108 0.28415273 0.35898653 0.11889663
 0.22402964 0.12918616 0.2822417  0.21703313 0.22357405 0.31920275]
Mean Summary Panel 1 Transformed:
[0.0874897  0.07222307 0.28167025 0.06763236 0.05596628 0.27606303
 0.21016832 0.31318714 0.40223749 0.27687679 0.36572845 0.11679395
 0.23873604 0.12550163 0.30365455 0.19335607 0.23311005 0.32717053]

-------------------------
MSE Difference in Means:
MSE Difference for Panel 2: 8.645341480658929e-05
MSE Difference for Panel 1 Transformed: 3.569466346056927e-05

-------------------------
Std Summaries:
Std Summary Reference Dataset:
[0.11629444 0.05645993 0.05843266 0.08950281 0.05140481 0.07106094
 0.20455569 0.22810068 0.19054272 0.1463518  0.21994225 0.03747608
 0.2293415  0.12057932 0.24202706 0.15244269 0.16639349 0.1805466 ]
Std Summary Panel 2:
[0.11449346 0.05661234 0.05704922 0.0900148  0.05269606 0.06875317
 0.17705884 0.21752148 0.18493482 0.14718531 0.21953764 0.03879484
 0.22033971 0.11732522 0.23049311 0.15135202 0.15046387 0.18234924]
Std Summary Panel 1 Transformed:
[0.11629444 0.05645993 0.05843266 0.08950281 0.05140481 0.07106094
 0.18839891 0.20872602 0.1654481  0.12924787 0.19056    0.02569851
 0.19473466 0.09636938 0.21568226 0.09625957 0.1421126  0.16590439]

-------------------------
MSE Difference in Standard Deviations:
MSE Difference for Panel 2: 7.762905361214631e-05
MSE Difference for Panel 1 Transformed: 0.000499946298118163

-------------------------
1D TVD for each feature:
1D TVD for Panel 2:
[0.019219999999999994, 0.04847999999999999, 0.06190000000000001, 0.03665999999999997, 0.03367999999999998, 0.08754, 0.29152, 0.3548, 0.12905999999999998, 0.09223999999999997, 0.045040000000000004, 0.03206000000000001, 0.12923999999999997, 0.04481999999999999, 0.08918000000000001, 0.06321999999999998, 0.34512000000000004, 0.04714]
Mean 1D TVD for Panel 2:
0.10838444444444445
1D TVD for Panel 1 Transformed:
[0.0, 0.0, 0.0, 0.0, 0.0, 0.0, 0.20565999999999995, 0.25994, 0.24556, 0.2359, 0.24472, 0.11794000000000004, 0.29345999999999994, 0.13816, 0.21254, 0.22574, 0.19529999999999997, 0.39]
Mean 1D TVD for Panel 1 Transformed:
0.15360666666666667

-------------------------
2D TVD for each feature pair:
2D TVD for Panel 2:
[[0.2864, 0.4942, 0.34426, 0.33572, 0.31272, 0.29622, 0.3519, 0.30662, 0.33453999999999995, 0.31542000000000003, 0.5174799999999999, 0.29832000000000003], [0.4942, 0.3425999999999999, 0.41854, 0.39880000000000004, 0.36244, 0.3617, 0.42198, 0.35409999999999997, 0.3704, 0.3729, 0.45332000000000006, 0.36423999999999995], [0.34426, 0.41854, 0.12038, 0.20008, 0.16874000000000003, 0.13216, 0.2143, 0.15782000000000002, 0.2022, 0.18356, 0.40404, 0.15224], [0.33572, 0.3988, 0.20007999999999998, 0.07751999999999998, 0.13391999999999998, 0.09803999999999999, 0.19979999999999998, 0.12143999999999999, 0.17950000000000002, 0.13536, 0.3758, 0.1207], [0.31272, 0.36244, 0.16874, 0.13391999999999998, 0.027620000000000006, 0.059459999999999985, 0.17903999999999998, 0.0907, 0.18851999999999997, 0.10936, 0.35746, 0.09294000000000001], [0.29622, 0.3617, 0.13216, 0.09804, 0.05945999999999998, 0.024300000000000013, 0.14614000000000002, 0.062220000000000025, 0.10365999999999999, 0.07805999999999999, 0.33995999999999993, 0.06069999999999999], [0.3519, 0.42198, 0.2143, 0.19979999999999998, 0.17904000000000003, 0.14614, 0.12126, 0.16458, 0.20334, 0.18276, 0.40296000000000004, 0.16258000000000003], [0.30662, 0.35409999999999997, 0.15782000000000002, 0.12143999999999999, 0.0907, 0.06222000000000002, 0.16458, 0.04206000000000003, 0.12982, 0.09801999999999998, 0.3492, 0.08598], [0.33454, 0.3704, 0.2022, 0.1795, 0.18851999999999997, 0.10366, 0.20333999999999997, 0.12982, 0.08150000000000002, 0.13704, 0.37298000000000003, 0.15532], [0.31542, 0.37289999999999995, 0.18356000000000003, 0.13536, 0.10935999999999998, 0.07806, 0.18276, 0.09802, 0.13704, 0.05464000000000002, 0.3465, 0.10277999999999998], [0.5174799999999999, 0.45331999999999995, 0.40403999999999995, 0.3757999999999999, 0.35746, 0.33996, 0.40296, 0.34919999999999995, 0.37298, 0.3464999999999999, 0.3248600000000001, 0.3528200000000001], [0.29832000000000003, 0.36423999999999995, 0.15224, 0.1207, 0.09294, 0.06069999999999999, 0.16258000000000003, 0.08598, 0.15532, 0.10278, 0.35282, 0.03693999999999999]]
Mean 2D TVD for Panel 2:
0.23403416666666668
2D TVD for Panel 1 Transformed:
[[0.19984000000000002, 0.39354000000000006, 0.39846000000000004, 0.50292, 0.3835, 0.3484, 0.4454, 0.34318, 0.32474000000000003, 0.42176, 0.32178, 0.46531999999999996], [0.39354, 0.2519600000000001, 0.7008000000000001, 0.48714, 0.54022, 0.6653600000000001, 0.5500799999999999, 0.54836, 0.40576, 0.5068, 0.50276, 0.6607], [0.39846000000000004, 0.7008, 0.24015999999999998, 0.5775399999999999, 0.5533399999999999, 0.6769000000000001, 0.59506, 0.48877999999999994, 0.49022, 0.5845, 0.58372, 0.6086], [0.50292, 0.48714, 0.5775399999999999, 0.22010000000000005, 0.5362600000000001, 0.5719, 0.5262399999999999, 0.37294, 0.46504, 0.53254, 0.49694, 0.50022], [0.38350000000000006, 0.54022, 0.5533399999999999, 0.5362600000000001, 0.24154000000000003, 0.4942, 0.53452, 0.4575199999999999, 0.50918, 1.0339399999999999, 0.84326, 0.73508], [0.34839999999999993, 0.66536, 0.6769, 0.5719000000000001, 0.49420000000000003, 0.08389999999999999, 0.4700999999999999, 0.4408, 0.7829, 0.38391999999999993, 0.52888, 0.4998], [0.4454, 0.55008, 0.59506, 0.52624, 0.53452, 0.4701, 0.28918, 0.45095999999999997, 0.45148, 0.47958, 0.51698, 0.6087], [0.34318, 0.54836, 0.48878000000000005, 0.37293999999999994, 0.45752000000000004, 0.44079999999999997, 0.45095999999999997, 0.12469999999999998, 0.3874599999999999, 0.44826, 0.4055, 0.499], [0.32474000000000003, 0.40576, 0.49022, 0.46503999999999995, 0.50918, 0.7828999999999999, 0.45148, 0.3874599999999999, 0.19908, 0.41224000000000005, 0.39580000000000004, 0.5417799999999999], [0.42176, 0.5068, 0.5845, 0.53254, 1.03394, 0.38392000000000004, 0.47957999999999995, 0.44826, 0.41223999999999994, 0.22456000000000004, 0.65986, 0.58306], [0.32177999999999995, 0.5027600000000001, 0.58372, 0.49694, 0.8432599999999999, 0.52888, 0.51698, 0.40549999999999997, 0.39580000000000004, 0.65986, 0.18403999999999998, 0.71404], [0.46532000000000007, 0.6607000000000001, 0.6086, 0.50022, 0.73508, 0.4997999999999999, 0.6087, 0.499, 0.5417799999999999, 0.58306, 0.71404, 0.38372]]
Mean 2D TVD for Panel 1 Transformed:
0.49538763888888887

-------------------------
Average Cluster Distance:
Average Cluster Distance for Panel 2: 0.004994395801179634
Average Mahalanobis Shift for Panel 2: 0.6522382749027772
Average Cluster Distance for Panel 1 Transformed: 0.009574437261737446
Average Mahalanobis Shift for Panel 1 Transformed: 0.5389910519841918

Trained on 7, tested on 10