Batches:
Panel 2
Panel 1 Transformed

-------------------------
Mean Summaries:
Mean Summary Reference Dataset:
[0.0874897  0.07222307 0.28167025 0.06763236 0.05596628 0.27606303
 0.20789597 0.31498487 0.40094892 0.27896227 0.35878943 0.11823231
 0.23831525 0.12768792 0.30214962 0.21655811 0.23353878 0.32150134]
Mean Summary Panel 2:
[0.08894039 0.07366201 0.28187791 0.06834821 0.05674256 0.27605188
 0.18816335 0.29546799 0.39419108 0.28415273 0.35898653 0.11889663
 0.22402964 0.12918616 0.2822417  0.21703313 0.22357405 0.31920275]
Mean Summary Panel 1 Transformed:
[0.0874897  0.07222307 0.28167025 0.06763236 0.05596628 0.27606303
 0.20801184 0.31566695 0.40082624 0.27928516 0.35840492 0.1194335
 0.23844702 0.12750313 0.30291384 0.21672552 0.23393569 0.32124137]

-------------------------
MSE Difference in Means:
MSE Difference for Panel 2: 8.645341480658929e-05
MSE Difference for Panel 1 Transformed: 1.7096537572492204e-07

-------------------------
Std Summaries:
Std Summary Reference Dataset:
[0.11629444 0.05645993 0.05843266 0.08950281 0.05140481 0.07106094
 0.20455569 0.22810068 0.19054272 0.1463518  0.21994225 0.03747608
 0.2293415  0.12057932 0.24202706 0.15244269 0.16639349 0.1805466 ]
Std Summary Panel 2:
[0.11449346 0.05661234 0.05704922 0.0900148  0.05269606 0.06875317
 0.17705884 0.21752148 0.18493482 0.14718531 0.21953764 0.03879484
 0.22033971 0.11732522 0.23049311 0.15135202 0.15046387 0.18234924]
Std Summary Panel 1 Transformed:
[0.11629444 0.05645993 0.05843266 0.08950281 0.05140481 0.07106094
 0.20437072 0.22580378 0.19036282 0.14529264 0.22018143 0.01307451
 0.22923574 0.11987974 0.2419464  0.15269642 0.1596982  0.18046781]

-------------------------
MSE Difference in Standard Deviations:
MSE Difference for Panel 2: 7.762905361214631e-05
MSE Difference for Panel 1 Transformed: 3.5964595594089825e-05

-------------------------
1D TVD for each feature:
1D TVD for Panel 2:
[0.019219999999999994, 0.04847999999999999, 0.06190000000000001, 0.03665999999999997, 0.03367999999999998, 0.08754, 0.29152, 0.3548, 0.12905999999999998, 0.09223999999999997, 0.045040000000000004, 0.03206000000000001, 0.12923999999999997, 0.04481999999999999, 0.08918000000000001, 0.06321999999999998, 0.34512000000000004, 0.04714]
Mean 1D TVD for Panel 2:
0.10838444444444445
1D TVD for Panel 1 Transformed:
[0.0, 0.0, 0.0, 0.0, 0.0, 0.0, 0.024360000000000014, 0.15602, 0.017560000000000013, 0.06889999999999999, 0.04275999999999999, 0.7964600000000001, 0.013780000000000002, 0.02986, 0.023299999999999998, 0.03204000000000001, 0.25042, 0.012679999999999993]
Mean 1D TVD for Panel 1 Transformed:
0.08156333333333333

-------------------------
2D TVD for each feature pair:
2D TVD for Panel 2:
[[0.2864, 0.4942, 0.34426, 0.33572, 0.31272, 0.29622, 0.3519, 0.30662, 0.33453999999999995, 0.31542000000000003, 0.5174799999999999, 0.29832000000000003], [0.4942, 0.3425999999999999, 0.41854, 0.39880000000000004, 0.36244, 0.3617, 0.42198, 0.35409999999999997, 0.3704, 0.3729, 0.45332000000000006, 0.36423999999999995], [0.34426, 0.41854, 0.12038, 0.20008, 0.16874000000000003, 0.13216, 0.2143, 0.15782000000000002, 0.2022, 0.18356, 0.40404, 0.15224], [0.33572, 0.3988, 0.20007999999999998, 0.07751999999999998, 0.13391999999999998, 0.09803999999999999, 0.19979999999999998, 0.12143999999999999, 0.17950000000000002, 0.13536, 0.3758, 0.1207], [0.31272, 0.36244, 0.16874, 0.13391999999999998, 0.027620000000000006, 0.059459999999999985, 0.17903999999999998, 0.0907, 0.18851999999999997, 0.10936, 0.35746, 0.09294000000000001], [0.29622, 0.3617, 0.13216, 0.09804, 0.05945999999999998, 0.024300000000000013, 0.14614000000000002, 0.062220000000000025, 0.10365999999999999, 0.07805999999999999, 0.33995999999999993, 0.06069999999999999], [0.3519, 0.42198, 0.2143, 0.19979999999999998, 0.17904000000000003, 0.14614, 0.12126, 0.16458, 0.20334, 0.18276, 0.40296000000000004, 0.16258000000000003], [0.30662, 0.35409999999999997, 0.15782000000000002, 0.12143999999999999, 0.0907, 0.06222000000000002, 0.16458, 0.04206000000000003, 0.12982, 0.09801999999999998, 0.3492, 0.08598], [0.33454, 0.3704, 0.2022, 0.1795, 0.18851999999999997, 0.10366, 0.20333999999999997, 0.12982, 0.08150000000000002, 0.13704, 0.37298000000000003, 0.15532], [0.31542, 0.37289999999999995, 0.18356000000000003, 0.13536, 0.10935999999999998, 0.07806, 0.18276, 0.09802, 0.13704, 0.05464000000000002, 0.3465, 0.10277999999999998], [0.5174799999999999, 0.45331999999999995, 0.40403999999999995, 0.3757999999999999, 0.35746, 0.33996, 0.40296, 0.34919999999999995, 0.37298, 0.3464999999999999, 0.3248600000000001, 0.3528200000000001], [0.29832000000000003, 0.36423999999999995, 0.15224, 0.1207, 0.09294, 0.06069999999999999, 0.16258000000000003, 0.08598, 0.15532, 0.10278, 0.35282, 0.03693999999999999]]
Mean 2D TVD for Panel 2:
0.23403416666666668
2D TVD for Panel 1 Transformed:
[[0.009520000000000006, 0.17618, 0.03902, 0.09262000000000001, 0.06276, 0.6690200000000001, 0.04192, 0.056039999999999986, 0.038939999999999995, 0.05564000000000001, 0.27922, 0.03202], [0.17618, 0.1404, 0.18334, 0.19846, 0.19310000000000002, 0.83328, 0.17992, 0.23129999999999998, 0.18546, 0.20276, 0.4351, 0.17343999999999998], [0.03902, 0.18334, 0.00532, 0.1, 0.05666, 0.84796, 0.027440000000000003, 0.050660000000000004, 0.03044, 0.05384, 0.30254000000000003, 0.021659999999999995], [0.09262, 0.19846000000000003, 0.1, 0.06100000000000001, 0.11226, 0.70704, 0.0998, 0.11742, 0.09924000000000002, 0.09852000000000002, 0.34863999999999995, 0.08264], [0.06276000000000001, 0.19310000000000002, 0.05666, 0.11226, 0.02770000000000001, 0.6322000000000001, 0.06495999999999999, 0.07060000000000001, 0.05584, 0.06986, 0.3674, 0.052199999999999996], [0.66902, 0.83328, 0.84796, 0.7070399999999999, 0.6321999999999999, 0.6569800000000001, 0.80144, 0.61278, 0.5873799999999999, 0.8594999999999999, 0.74164, 0.71488], [0.04192, 0.17992, 0.027440000000000003, 0.0998, 0.06495999999999999, 0.80144, 0.004399999999999996, 0.05476, 0.031059999999999997, 0.055220000000000005, 0.26896, 0.021120000000000007], [0.05603999999999999, 0.2313, 0.050660000000000004, 0.11741999999999998, 0.07060000000000001, 0.6127799999999999, 0.054759999999999996, 0.019579999999999976, 0.06905999999999998, 0.07200000000000001, 0.32931999999999995, 0.043660000000000004], [0.038939999999999995, 0.18546, 0.030439999999999995, 0.09924000000000001, 0.05584, 0.58738, 0.031059999999999997, 0.06906000000000001, 0.01361999999999999, 0.05628000000000002, 0.3234, 0.02923999999999999], [0.05564000000000001, 0.20276000000000002, 0.05384, 0.09852, 0.06986, 0.8594999999999999, 0.05522, 0.07200000000000001, 0.05628000000000001, 0.022139999999999986, 0.33231999999999995, 0.041860000000000015], [0.27922, 0.43510000000000004, 0.30254000000000003, 0.34864, 0.3674, 0.7416400000000001, 0.26896, 0.32932, 0.32339999999999997, 0.33232, 0.2348, 0.28262], [0.03202, 0.17343999999999998, 0.02166, 0.08264, 0.0522, 0.71488, 0.021120000000000007, 0.04366000000000001, 0.029239999999999988, 0.04186000000000001, 0.28262, 0.0043800000000000314]]
Mean 2D TVD for Panel 1 Transformed:
0.21885805555555557

-------------------------
Average Cluster Distance:
Average Cluster Distance for Panel 2: 0.002028274607987507
Average Mahalanobis Shift for Panel 2: 0.2732690259013823
Average Cluster Distance for Panel 1 Transformed: 0.007984056708453901
Average Mahalanobis Shift for Panel 1 Transformed: 0.2505612641003684
