Batches:
Panel 2
Panel 3

-------------------------
Mean Summaries:
Mean Summary Reference Dataset:
[ 5.79453871e-15  3.12321061e-15  1.01358357e-14  2.96849629e-15
  2.80348705e-15  1.39937737e-14  9.68929776e-03  1.83686679e-02
  4.27754205e-03 -7.20516613e-04  8.53008794e-03  1.89872122e-03
  9.18226211e-03  4.01476531e-04  1.09598567e-02  1.73817706e-03
  4.45831436e-03  3.09545475e-01]
Mean Summary Panel 2:
[ 5.79453871e-15  3.12321061e-15  1.01358357e-14  2.96849629e-15
  2.80348705e-15  1.39937737e-14  9.68929776e-03  1.83686679e-02
  4.27754205e-03 -7.20516613e-04  8.53008794e-03  1.89872122e-03
  9.18226211e-03  4.01476531e-04  1.09598567e-02  1.73817706e-03
  4.45831436e-03  3.09545475e-01]
Mean Summary Panel 3:
[ 5.79453871e-15  3.12321061e-15  1.01358357e-14  2.96849629e-15
  2.80348705e-15  1.39937737e-14  9.68929776e-03  1.83686679e-02
  4.27754205e-03 -7.20516613e-04  8.53008794e-03  1.89872122e-03
  9.18226211e-03  4.01476531e-04  1.09598567e-02  1.73817706e-03
  4.45831436e-03  3.09545475e-01]

-------------------------
MSE Difference in Means:
MSE Difference for Panel 2: 1.5073741596008698e-28
MSE Difference for Panel 3: 2.575418224108943e-29

-------------------------
Std Summaries:
Std Summary Reference Dataset:
[3.29530018e-15 1.73393802e-15 2.49390910e-15 2.11738561e-15
 1.71494236e-15 3.92057365e-15 1.90308036e-01 2.02270625e-01
 1.64378930e-01 1.24821671e-01 2.10057276e-01 3.81690771e-02
 2.07593147e-01 1.15803475e-01 2.19789748e-01 1.34626228e-01
 1.53689213e-01 1.79278059e-01]
Std Summary Panel 2:
[3.29530018e-15 1.73393802e-15 2.49390910e-15 2.11738561e-15
 1.71494236e-15 3.92057365e-15 1.90308036e-01 2.02270625e-01
 1.64378930e-01 1.24821671e-01 2.10057276e-01 3.81690771e-02
 2.07593147e-01 1.15803475e-01 2.19789748e-01 1.34626228e-01
 1.53689213e-01 1.79278059e-01]
Std Summary Panel 3:
[3.29530018e-15 1.73393802e-15 2.49390910e-15 2.11738561e-15
 1.71494236e-15 3.92057365e-15 1.90308036e-01 2.02270625e-01
 1.64378930e-01 1.24821671e-01 2.10057276e-01 3.81690771e-02
 2.07593147e-01 1.15803475e-01 2.19789748e-01 1.34626228e-01
 1.53689213e-01 1.79278059e-01]

-------------------------
MSE Difference in Standard Deviations:
MSE Difference for Panel 2: 1.1742073882604913e-29
MSE Difference for Panel 3: 2.9788853306836975e-29

-------------------------
1D TVD for each feature:
1D TVD for Panel 2:
[0.06387742053340274, 0.05362720307329971, 0.0501861627466658, 0.051291904111421524, 0.04050717757925566, 0.12657894276525028, 0.06234534767028156, 0.04632326238082059, 0.03935322241756038, 0.030294289933259357, 0.0328388998365837, 0.03212135064833122, 0.0926417904094015, 0.030045997835672245, 0.09355406361463896, 0.0463710778341862, 0.19758507259335736, 0.049803093608801086]
Mean 1D TVD for Panel 2:
0.06329701553289944
1D TVD for Panel 3:
[0.034788125132131587, 0.0708195590482989, 0.06771688637309657, 0.05724382528027185, 0.059921380085727706, 0.11290238435750008, 0.053493344456876944, 0.10495335502168265, 0.03029394565093148, 0.07121599109894909, 0.14938258874037383, 0.007976383511806243, 0.10675061605706418, 0.0977134177188738, 0.11742615189245578, 0.062729660325023, 0.15008102075766455, 0.026428181395579016]
Mean 1D TVD for Panel 3:
0.0767687120502393

-------------------------
2D TVD for each feature pair:
2D TVD for Panel 2:
[[0.060249016176724735, 0.10643595839963481, 0.08519560579215492, 0.08981531334914575, 0.09221437252478647, 0.07666427853332704, 0.11618192641083934, 0.073850328198087, 0.13971545110504752, 0.08644173190294396, 0.18031909245885128, 0.10997608658814241], [0.10643595839963482, 0.039705964620126544, 0.08595830687927611, 0.09186484684832344, 0.0713499689123633, 0.05353208053084314, 0.11724969301440873, 0.05887456347191699, 0.15409118387808002, 0.07331834444212099, 0.19383463245326382, 0.08796442125949507], [0.08519560579215492, 0.08595830687927611, 0.03494324469620662, 0.062134530516925274, 0.05804746504362023, 0.042514013244736304, 0.10080732163467783, 0.05115708554891095, 0.11490022024410468, 0.0708307023420661, 0.1914142817690373, 0.07521245001258069], [0.08981531334914576, 0.09186484684832344, 0.06213453051692526, 0.025521244776082808, 0.06331976028341127, 0.04402397550190891, 0.10859267998229873, 0.04761569170542866, 0.13616130368175797, 0.06720029062076018, 0.213714572992243, 0.08174935352481322], [0.09221437252478645, 0.0713499689123633, 0.05804746504362024, 0.06331976028341127, 0.031994907572469054, 0.04338042531888886, 0.10141101977649093, 0.04659677953416559, 0.14333332396977264, 0.06549165465222545, 0.2067885108926914, 0.07759453606630036], [0.07666427853332704, 0.05353208053084313, 0.042514013244736304, 0.04402397550190892, 0.04338042531888887, 0.021272537053851785, 0.09555206588911937, 0.036551109940853616, 0.1028057276718877, 0.057105232625849024, 0.14368421967406475, 0.0554550599346062], [0.11618192641083934, 0.11724969301440871, 0.10080732163467783, 0.10859267998229873, 0.10141101977649096, 0.09555206588911935, 0.08671255718236986, 0.09404826691493608, 0.14468364148889443, 0.11185144377411092, 0.2031019272685824, 0.10701206120340322], [0.07385032819808698, 0.058874563471916976, 0.05115708554891094, 0.04761569170542868, 0.046596779534165585, 0.03655110994085362, 0.09404826691493605, 0.029286962178203292, 0.11943581466520438, 0.053842263894908225, 0.09077663426087075, 0.05387661014181761], [0.13971545110504754, 0.15409118387808002, 0.11490022024410468, 0.13616130368175797, 0.14333332396977264, 0.10280572767188768, 0.14468364148889443, 0.11943581466520438, 0.0906417501856811, 0.11900846177258848, 0.20029065548045277, 0.13017594429658313], [0.08644173190294395, 0.07331834444212099, 0.0708307023420661, 0.06720029062076018, 0.06549165465222546, 0.057105232625849024, 0.11185144377411092, 0.05384226389490822, 0.11900846177258846, 0.0451229134194265, 0.17121071541821845, 0.08518617517583386], [0.18031909245885125, 0.19383463245326388, 0.1914142817690373, 0.213714572992243, 0.2067885108926914, 0.14368421967406475, 0.2031019272685824, 0.09077663426087076, 0.20029065548045277, 0.17121071541821847, 0.1423590823769061, 0.1862420240434655], [0.1099760865881424, 0.08796442125949507, 0.07521245001258067, 0.08174935352481322, 0.07759453606630036, 0.0554550599346062, 0.10701206120340322, 0.053876610141817625, 0.13017594429658316, 0.08518617517583386, 0.18624202404346546, 0.0479421269926547]]
Mean 2D TVD for Panel 2:
0.09789739368006209
2D TVD for Panel 3:
[[0.052366594573585896, 0.15360928056204065, 0.0834488264496203, 0.10845383853180482, 0.16419554801114114, 0.05842211688841936, 0.1345043227072407, 0.09807582527316203, 0.15037471533664007, 0.09500764004367389, 0.1745895789485663, 0.09041754260479176], [0.15360928056204068, 0.09303637403673864, 0.11725393865892424, 0.1812682153642546, 0.20458913638209578, 0.11557639775576384, 0.15364406459644556, 0.14240214100857979, 0.2292972120626997, 0.13031671206098097, 0.17704691445858647, 0.1405029895874393], [0.0834488264496203, 0.11725393865892424, 0.027085562210766512, 0.07142245572884054, 0.17261793828281066, 0.032689635373872275, 0.10621484669915143, 0.08335304228675136, 0.13717629858777997, 0.07610562742358098, 0.1580617812892553, 0.045728470346203275], [0.10845383853180482, 0.1812682153642546, 0.07142245572884054, 0.06623460998916247, 0.20054859322370863, 0.06408892448571757, 0.13538975478316964, 0.10038033356072024, 0.18221254947622204, 0.10410293864428843, 0.14016403461234708, 0.08178629547743597], [0.16419554801114114, 0.2045891363820958, 0.1726179382828107, 0.2005485932237086, 0.14799923445554355, 0.16016245954225053, 0.20642730902495457, 0.18605086556123093, 0.2773153959597631, 0.1819760314081097, 0.22554394589430954, 0.22473285454717415], [0.05842211688841937, 0.11557639775576385, 0.03268963537387227, 0.06408892448571757, 0.16016245954225053, 0.0056132343465100844, 0.1065674885153206, 0.05594775070267674, 0.11649602051694484, 0.06397321519188738, 0.14433710877525063, 0.03168627552010066], [0.1345043227072407, 0.15364406459644553, 0.10621484669915143, 0.13538975478316964, 0.2064273090249546, 0.10656748851532062, 0.09989904086539472, 0.11933979430782753, 0.18044737859350174, 0.13291053437631103, 0.15399550253211075, 0.11368980254056889], [0.09807582527316203, 0.14240214100857979, 0.08335304228675135, 0.10038033356072022, 0.1860508655612309, 0.055947750702676734, 0.11933979430782753, 0.054126030204202286, 0.14878372656226815, 0.08802591561037994, 0.15956419093559018, 0.07815092268207495], [0.15037471533664004, 0.2292972120626997, 0.13717629858777994, 0.18221254947622204, 0.27731539595976307, 0.11649602051694485, 0.18044737859350174, 0.14878372656226815, 0.11213576766823832, 0.14908295996762805, 0.20002869348262955, 0.14442426420583251], [0.09500764004367387, 0.13031671206098097, 0.07610562742358098, 0.10410293864428845, 0.1819760314081097, 0.06397321519188737, 0.13291053437631103, 0.08802591561037994, 0.14908295996762805, 0.05927921689847497, 0.16020105350811245, 0.07864737860935472], [0.1745895789485663, 0.17704691445858647, 0.15806178128925535, 0.14016403461234708, 0.2255439458943096, 0.1443371087752506, 0.15399550253211075, 0.15956419093559018, 0.20002869348262958, 0.16020105350811245, 0.1051049340061865, 0.14807449268139616], [0.09041754260479179, 0.1405029895874393, 0.045728470346203275, 0.08178629547743597, 0.22473285454717418, 0.03168627552010066, 0.11368980254056889, 0.07815092268207498, 0.1444242642058325, 0.07864737860935475, 0.14807449268139616, 0.025119702836918924]]
Mean 2D TVD for Panel 3:
0.12855033278300207

-------------------------
Average Cluster Distance:
Average Cluster Distance for Panel 2: 0.006411383214722344
Average Cluster Distance for Panel 3: 0.0010767905815423874
