Batches:
Panel 2
Panel 3

-------------------------
Mean Summaries:
Mean Summary Reference Dataset:
[0.08592459 0.07047976 0.28113996 0.06904135 0.05679426 0.27582333
 0.20156723 0.2930761  0.39776536 0.27074181 0.34415246 0.11762772
 0.24405458 0.12855119 0.28102394 0.21961378 0.21867933 0.30954547]
Mean Summary Panel 2:
[0.08637296 0.07129252 0.28080466 0.06896941 0.05718732 0.27519564
 0.19895238 0.30278759 0.39783904 0.2774436  0.35150334 0.11922576
 0.24359761 0.12715046 0.2813095  0.21973314 0.21846876 0.31014596]
Mean Summary Panel 3:
[0.0856347  0.07050749 0.28170879 0.06962334 0.05758471 0.27644667
 0.20414895 0.28301851 0.39734972 0.26931025 0.33476859 0.115492
 0.24411383 0.12916822 0.27885236 0.21896559 0.21916904 0.31177168]

-------------------------
MSE Difference in Means:
MSE Difference for Panel 2: 1.1492124428565753e-05
MSE Difference for Panel 3: 1.1952067988583467e-05

-------------------------
Std Summaries:
Std Summary Reference Dataset:
[0.1027945  0.05786194 0.05971764 0.09444025 0.05416855 0.07232374
 0.20121383 0.21964624 0.19885128 0.14588425 0.21552471 0.03707032
 0.2368985  0.12189459 0.23647919 0.15524641 0.16056028 0.17927806]
Std Summary Panel 2:
[0.10211139 0.0574066  0.05794343 0.09293574 0.05460978 0.06969822
 0.17411467 0.20912098 0.1929419  0.14640104 0.21310883 0.0290816
 0.22663298 0.11660249 0.22415435 0.15285172 0.14481292 0.18038612]
Std Summary Panel 3:
[0.09829177 0.05609845 0.05840135 0.09222676 0.05401768 0.07005311
 0.17476691 0.1929261  0.18987311 0.1461677  0.19499891 0.02759688
 0.22437451 0.10648143 0.21488397 0.15113323 0.14204435 0.17755233]

-------------------------
MSE Difference in Standard Deviations:
MSE Difference for Panel 2: 8.352185280843345e-05
MSE Difference for Panel 3: 0.00018132490916870678

-------------------------
1D TVD for each feature:
1D TVD for Panel 2:
[0.015492466692513458, 0.03169660008715654, 0.05166197119059732, 0.025364364971612763, 0.021422755984956708, 0.06691368590045087, 0.27782599417231646, 0.16383330831115805, 0.09106443103186757, 0.09770039610671571, 0.03677176086682142, 0.10465300630428699, 0.11888022862512657, 0.04221025979766012, 0.12439713676369776, 0.047786659578017254, 0.3577705475770677, 0.02905236482002365]
Mean 1D TVD for Panel 2:
0.09469432993233592
1D TVD for Panel 3:
[0.025761784432726746, 0.028620823093748693, 0.05984692646771849, 0.05256019146472391, 0.044953195991267264, 0.10520497053327915, 0.2879280164654037, 0.3963678486106901, 0.10508778515674987, 0.06933740808279303, 0.2060658045439747, 0.11735598865068453, 0.14500033006771917, 0.12972864729555494, 0.17245279350558987, 0.0806787658154405, 0.3709182772463407, 0.029431536139498234]
Mean 1D TVD for Panel 3:
0.13485006075355022

-------------------------
2D TVD for each feature pair:
2D TVD for Panel 2:
[[0.2682208989944152, 0.350881843036348, 0.3133615615315894, 0.3077834181662381, 0.2817961327916236, 0.325343193473479, 0.3145381694336421, 0.2857085261736071, 0.3201685867899251, 0.2859303510411796, 0.4816605962556173, 0.2798327335134857], [0.350881843036348, 0.15532825689430582, 0.2050241708295769, 0.20121698959918755, 0.18067943096690287, 0.3891100370043274, 0.21992104161741327, 0.1817089153582453, 0.27568868006979685, 0.17434544473590313, 0.3701988752366291, 0.18126756911096276], [0.3133615615315894, 0.20502417082957694, 0.08874593087252239, 0.15568140474834263, 0.11094670201378282, 0.3248336512897466, 0.16442153482621216, 0.11772927181125753, 0.1884956126870915, 0.12366244969757022, 0.37409425931101076, 0.10872242140861249], [0.3077834181662381, 0.20121698959918755, 0.15568140474834263, 0.09060590786202272, 0.12557038673595836, 0.5005280661872188, 0.16967410184996085, 0.11127957235908606, 0.19238993761578932, 0.12094606535235615, 0.37667157066659873, 0.10791407807239019], [0.2817961327916236, 0.18067943096690292, 0.1109467020137828, 0.12557038673595836, 0.03587496082736537, 0.49391882536821496, 0.14131672114623353, 0.07553170268245485, 0.18496225805099487, 0.07539527194640969, 0.3714746511850869, 0.06816193829973219], [0.325343193473479, 0.3891100370043274, 0.32483365128974656, 0.5005280661872189, 0.4939188253682149, 0.0852744357503349, 0.37474557133973874, 0.27298134034236454, 0.4495161816370358, 0.277017033964339, 0.48613097692362517, 0.44993476506571617], [0.31453816943364205, 0.21992104161741327, 0.16442153482621213, 0.16967410184996085, 0.1413167211462335, 0.3747455713397386, 0.11256625738084042, 0.14069879468998897, 0.20058493440851147, 0.13814315368380067, 0.3713014649280615, 0.13619835411439413], [0.28570852617360704, 0.18170891535824527, 0.11772927181125753, 0.11127957235908606, 0.07553170268245483, 0.27298134034236454, 0.14069879468998894, 0.04195037141885925, 0.14805702756612937, 0.07049500097320724, 0.3595352727228446, 0.06562911946706508], [0.3201685867899251, 0.27568868006979685, 0.18849561268709147, 0.19238993761578935, 0.18496225805099487, 0.44951618163703577, 0.20058493440851144, 0.14805702756612943, 0.114676398891053, 0.1526384944620838, 0.38736835113093543, 0.1461437566502789], [0.28593035104117953, 0.17434544473590313, 0.12366244969757023, 0.12094606535235615, 0.0753952719464097, 0.27701703396433897, 0.1381431536838007, 0.07049500097320724, 0.15263849446208383, 0.04628254865861044, 0.36397001150949576, 0.07409770992932929], [0.4816605962556174, 0.3701988752366291, 0.3740942593110107, 0.3766715706665986, 0.3714746511850868, 0.48613097692362517, 0.3713014649280615, 0.3595352727228445, 0.38736835113093543, 0.36397001150949576, 0.34731880670569226, 0.3542811686666434], [0.2798327335134857, 0.18126756911096273, 0.10872242140861249, 0.10791407807239017, 0.06816193829973219, 0.44993476506571617, 0.13619835411439413, 0.0656291194670651, 0.1461437566502789, 0.0740977099293293, 0.3542811686666434, 0.028784527110998055]]
Mean 2D TVD for Panel 2:
0.23385794245704014
2D TVD for Panel 3:
[[0.2857722601728786, 0.5507583148657282, 0.3332000232568224, 0.31445058198538955, 0.4120270256489914, 0.3303753896013169, 0.33304952584648906, 0.3568458420441449, 0.3549274858257757, 0.2977027356552783, 0.46504296382071764, 0.29041974211765664], [0.5507583148657283, 0.3727007082965096, 0.45400763185237536, 0.44198256983816053, 0.42323699798668396, 0.5189045077281527, 0.460670419890266, 0.433172814285566, 0.4640938999006942, 0.4176258428781555, 0.4775950917298677, 0.3970063956449039], [0.3332000232568224, 0.45400763185237525, 0.10081689157154242, 0.1592873364923162, 0.27604742752815115, 0.28476521111772757, 0.1913915297377659, 0.20873118377388977, 0.23862308668669024, 0.15524832321140847, 0.4017300952702993, 0.12024759844467126], [0.31445058198538955, 0.44198256983816064, 0.1592873364923162, 0.06344899235715881, 0.27117018209964044, 0.5094242129944064, 0.1937847953258367, 0.16462847464694164, 0.22167409492304851, 0.11747800250281878, 0.4143111083494322, 0.10229040202831188], [0.41202702564899146, 0.423236997986684, 0.2760474275281511, 0.27117018209964044, 0.19721713235282565, 0.5770748184992771, 0.29242981289950726, 0.2607633461604625, 0.3339264478892637, 0.2402196158434938, 0.4061918072624038, 0.2406929513218048], [0.33037538960131685, 0.5189045077281526, 0.28476521111772757, 0.5094242129944065, 0.5770748184992771, 0.09120476622636664, 0.34745978346379475, 0.28151308714060747, 0.4153566213293437, 0.3521677432406444, 0.4602074484957556, 0.38086737069620513], [0.33304952584648906, 0.460670419890266, 0.1913915297377659, 0.19378479532583667, 0.2924298128995073, 0.3474597834637948, 0.1417456315546573, 0.22773015755006967, 0.25930086000121416, 0.17113201156331664, 0.3868109741980733, 0.15577960062432405], [0.3568458420441448, 0.433172814285566, 0.2087311837738898, 0.16462847464694164, 0.2607633461604625, 0.28151308714060747, 0.22773015755006965, 0.1256454793063832, 0.25030468021844493, 0.1689685479610466, 0.3960699385074175, 0.160712824589101], [0.3549274858257757, 0.4640938999006942, 0.23862308668669022, 0.22167409492304854, 0.3339264478892637, 0.4153566213293437, 0.25930086000121416, 0.2503046802184449, 0.16489073210288777, 0.20533945160085848, 0.4225768814330892, 0.19177022909283017], [0.29770273565527827, 0.4176258428781555, 0.15524832321140847, 0.1174780025028188, 0.24021961584349386, 0.3521677432406445, 0.17113201156331667, 0.1689685479610466, 0.2053394516008585, 0.07845529575735694, 0.3910994056748718, 0.09591319202929846], [0.4650429638207177, 0.4775950917298678, 0.40173009527029935, 0.4143111083494322, 0.40619180726240384, 0.46020744849575557, 0.38681097419807337, 0.39606993850741745, 0.4225768814330891, 0.3910994056748718, 0.3410697136881404, 0.3719651921946173], [0.29041974211765664, 0.397006395644904, 0.12024759844467124, 0.10229040202831188, 0.2406929513218048, 0.38086737069620513, 0.15577960062432408, 0.160712824589101, 0.19177022909283015, 0.09591319202929843, 0.3719651921946173, 0.027888594859317647]]
Mean 2D TVD for Panel 3:
0.30552363566862006

-------------------------
Average Cluster Distance:
Average Cluster Distance for Panel 2: 0.006620020328124141
Average Cluster Distance for Panel 3: 0.0011523879852039672
