Batches:
Panel 2
Panel 3

-------------------------
Mean Summaries:
Mean Summary Reference Dataset:
[0.08592459 0.07047976 0.28113996 0.06904135 0.05679426 0.27582333
 0.20156723 0.2930761  0.39776536 0.27074181 0.34415246 0.11762772
 0.24405458 0.12855119 0.28102394 0.21961378 0.21867933 0.30954547]
Mean Summary Panel 2:
[0.08637296 0.07129252 0.28080466 0.06896941 0.05718732 0.27519564
 0.18593553 0.27800085 0.39024459 0.27504094 0.34350712 0.11889018
 0.22976842 0.12853211 0.26269669 0.21828976 0.21451832 0.30798531]
Mean Summary Panel 3:
[0.0856347  0.07050749 0.28170879 0.06962334 0.05758471 0.27644667
 0.19197676 0.25842343 0.39045294 0.26982871 0.32687205 0.11586226
 0.22991445 0.13154145 0.26027423 0.2172031  0.212574   0.3099299 ]

-------------------------
MSE Difference in Means:
MSE Difference for Panel 2: 6.175998961124969e-05
MSE Difference for Panel 3: 0.00012962497608300607

-------------------------
Std Summaries:
Std Summary Reference Dataset:
[0.1027945  0.05786194 0.05971764 0.09444025 0.05416855 0.07232374
 0.20121383 0.21964624 0.19885128 0.14588425 0.21552471 0.03707032
 0.2368985  0.12189459 0.23647919 0.15524641 0.16056028 0.17927806]
Std Summary Panel 2:
[0.10211139 0.0574066  0.05794343 0.09293574 0.05460978 0.06969822
 0.17412152 0.20913247 0.19294097 0.14639818 0.21311472 0.02910127
 0.22665086 0.11660147 0.22416214 0.15283868 0.14479131 0.18039536]
Std Summary Panel 3:
[0.09829177 0.05609845 0.05840135 0.09222676 0.05401768 0.07005311
 0.17477156 0.19293088 0.1898796  0.14617082 0.19500442 0.02762792
 0.2243867  0.10648111 0.21488641 0.15113182 0.14203603 0.17755971]

-------------------------
MSE Difference in Standard Deviations:
MSE Difference for Panel 2: 8.348125669208719e-05
MSE Difference for Panel 3: 0.00018123959548629854

-------------------------
1D TVD for each feature:
1D TVD for Panel 2:
[0.015492466692513458, 0.03169660008715654, 0.05166197119059732, 0.025364364971612763, 0.021422755984956708, 0.06691368590045087, 0.27238797278168325, 0.2724949863135638, 0.11780772547299473, 0.07292223906501485, 0.03916719562679979, 0.09814255161450029, 0.11681297622304701, 0.03830634660206628, 0.07466335775882683, 0.04665054128637357, 0.31985968159107614, 0.02518751704088478]
Mean 1D TVD for Panel 2:
0.09483082978911772
1D TVD for Panel 3:
[0.025761784432726746, 0.028620823093748693, 0.05984692646771849, 0.05256019146472391, 0.044953195991267264, 0.10520497053327915, 0.27912328413683585, 0.48717955398323554, 0.12697561032983234, 0.0654272970786813, 0.2279474111657348, 0.11304997050930392, 0.1280599012984154, 0.14355965184158986, 0.11990310040448128, 0.07992490116169586, 0.30915030759988904, 0.028247344989947035]
Mean 1D TVD for Panel 3:
0.13474979036017257

-------------------------
2D TVD for each feature pair:
2D TVD for Panel 2:
[[0.2637385410849061, 0.4124063400536683, 0.32147581888284305, 0.3017610180664874, 0.2749700074895198, 0.31908586983376497, 0.32133748760472625, 0.2781355262769157, 0.3035136665661793, 0.27981302412081355, 0.4552328629995518, 0.2731738081369779], [0.4124063400536683, 0.27205296776410476, 0.33441272678258815, 0.305196089652879, 0.2536887949250473, 0.46957069649718686, 0.33017780413764825, 0.288190725754883, 0.26359651923748245, 0.2650945329055884, 0.38287180263745246, 0.28819135934371404], [0.321475818882843, 0.3344127267825881, 0.11233274997162368, 0.16410895462648065, 0.13193984592395083, 0.3356890048328677, 0.17267272232803002, 0.14339840525055425, 0.17487844596477756, 0.14277885801331322, 0.34360048529992954, 0.13236036638740847], [0.30176101806648736, 0.3051960896528789, 0.16410895462648065, 0.06611720600216361, 0.0896448820206636, 0.4920258416919664, 0.1569526504197424, 0.09060493364490535, 0.13638378967387219, 0.0984926657274659, 0.3321337811774235, 0.08824905697824639], [0.2749700074895197, 0.2536887949250473, 0.1319398459239508, 0.08964488202066359, 0.03584833851824812, 0.4740771409198485, 0.1301357197295474, 0.06323947273220876, 0.13968296174847913, 0.06828374415086833, 0.3467844309406983, 0.06255032512831354], [0.31908586983376497, 0.4695706964971869, 0.3356890048328676, 0.49202584169196634, 0.4740771409198484, 0.07628828691175027, 0.400995330827248, 0.2726726930265646, 0.415909691989408, 0.27077268158448975, 0.4916172421159154, 0.44896390596611424], [0.32133748760472625, 0.3301778041376483, 0.17267272232803005, 0.1569526504197424, 0.1301357197295474, 0.400995330827248, 0.11500541195701405, 0.1388924586308098, 0.16518053762181337, 0.12978090205704063, 0.3574103362806951, 0.12347228674941363], [0.2781355262769156, 0.288190725754883, 0.14339840525055425, 0.09060493364490535, 0.06323947273220876, 0.2726726930265646, 0.13889245863080973, 0.03796086932605467, 0.10693854702288416, 0.06611350986074564, 0.3280602632761602, 0.05572380540639107], [0.3035136665661793, 0.26359651923748245, 0.17487844596477758, 0.13638378967387216, 0.13968296174847913, 0.4159096919894081, 0.16518053762181337, 0.10693854702288418, 0.07420091656586957, 0.1004505831048558, 0.30491156302168826, 0.11529841058924527], [0.2798130241208136, 0.2650945329055884, 0.1427788580133132, 0.09849266572746593, 0.06828374415086833, 0.27077268158448975, 0.12978090205704063, 0.06611350986074563, 0.1004505831048558, 0.04543385983898206, 0.31577927778524273, 0.06691655634737007], [0.45523286299955174, 0.38287180263745246, 0.3436004852999294, 0.3321337811774235, 0.3467844309406983, 0.4916172421159154, 0.3574103362806951, 0.3280602632761602, 0.30491156302168826, 0.31577927778524273, 0.3136289183949732, 0.3184482804866753], [0.2731738081369779, 0.28819135934371404, 0.1323603663874085, 0.08824905697824638, 0.06255032512831354, 0.44896390596611424, 0.12347228674941363, 0.055723805406391075, 0.11529841058924525, 0.06691655634737007, 0.3184482804866753, 0.024411582212530855]]
Mean 2D TVD for Panel 2:
0.235352550767255
2D TVD for Panel 3:
[[0.27516491151530054, 0.6012398851347698, 0.33684869607908297, 0.30311683375884735, 0.41481604635153463, 0.32140512717677294, 0.3356394956562998, 0.345015538727668, 0.3312657595106473, 0.2861014708913888, 0.4458128935182656, 0.281718654421222], [0.6012398851347698, 0.4740963744901222, 0.5614944296257492, 0.5268183573742095, 0.5064599428714278, 0.5914340749161024, 0.5490863286373957, 0.5097784168952044, 0.49831644947645204, 0.49728390010903045, 0.527563266520668, 0.5012540074091789], [0.33684869607908297, 0.5614944296257492, 0.1228104533106716, 0.17387120760390815, 0.3025441735087075, 0.3031893381496638, 0.18852339778853644, 0.21384785120349473, 0.2223897211728067, 0.16709305522970086, 0.36798838317023075, 0.14008081371826206], [0.3031168337588474, 0.5268183573742096, 0.17387120760390812, 0.05851758919009376, 0.2698209920068402, 0.5090904811701672, 0.1707223840743792, 0.16353710575946104, 0.1699706524230839, 0.1177424915984506, 0.3450001693194376, 0.09258938155118102], [0.4148160463515347, 0.5064599428714279, 0.3025441735087075, 0.2698209920068402, 0.2234600875534522, 0.5691849520445684, 0.306636852392825, 0.27565753645901486, 0.3153944418515051, 0.25195677191639704, 0.3609091595067433, 0.25320916937101934], [0.32140512717677294, 0.5914340749161024, 0.30318933814966387, 0.5090904811701672, 0.5691849520445684, 0.09332107548037344, 0.366245484281444, 0.2876932855884218, 0.43539053288945495, 0.3512723234675542, 0.5039588045067763, 0.38763168179163426], [0.3356394956562997, 0.5490863286373957, 0.1885233977885364, 0.17072238407437923, 0.306636852392825, 0.36624548428144404, 0.12730459797783794, 0.22295393884040401, 0.22041629323508702, 0.15214012208683902, 0.34636159785613385, 0.13392568332488466], [0.345015538727668, 0.5097784168952044, 0.21384785120349475, 0.16353710575946107, 0.27565753645901486, 0.2876932855884218, 0.22295393884040404, 0.14120237191519047, 0.21649773181767484, 0.17338059863575608, 0.3429555673558271, 0.1527872164235624], [0.3312657595106473, 0.498316449476452, 0.2223897211728067, 0.1699706524230839, 0.3153944418515051, 0.43539053288945495, 0.22041629323508705, 0.21649773181767487, 0.11831542588975069, 0.15522870112067194, 0.32696552817301777, 0.17292147494726814], [0.2861014708913888, 0.4972839001090305, 0.1670930552297009, 0.11774249159845059, 0.25195677191639704, 0.3512723234675542, 0.152140122086839, 0.17338059863575606, 0.15522870112067194, 0.07924402924503583, 0.32085233190726975, 0.09445769952494108], [0.4458128935182656, 0.527563266520668, 0.36798838317023075, 0.34500016931943767, 0.3609091595067433, 0.5039588045067763, 0.3463615978561339, 0.3429555673558271, 0.32696552817301777, 0.32085233190726975, 0.2784090073994693, 0.31480342669396866], [0.281718654421222, 0.501254007409179, 0.14008081371826206, 0.09258938155118104, 0.25320916937101934, 0.3876316817916342, 0.1339256833248847, 0.1527872164235624, 0.17292147494726814, 0.0944576995249411, 0.31480342669396866, 0.027329383375007628]]
Mean 2D TVD for Panel 3:
0.3084978852248896

-------------------------
Average Cluster Distance:
Average Cluster Distance for Panel 2: 0.004794772704430404
Average Cluster Distance for Panel 3: 0.004646628149367028
