Batches:
Panel 2
Panel 3

-------------------------
Mean Summaries:
Mean Summary Reference Dataset:
[0.08592459 0.07047976 0.28113996 0.06904135 0.05679426 0.27582333
 0.20156723 0.2930761  0.39776536 0.27074181 0.34415246 0.11762772
 0.24405458 0.12855119 0.28102394 0.21961378 0.21867933 0.30954547]
Mean Summary Panel 2:
[0.08637296 0.07129252 0.28080466 0.06896941 0.05718732 0.27519564
 0.20157471 0.29290158 0.39760987 0.27335823 0.34283653 0.11750126
 0.24361505 0.12836178 0.28008456 0.21957062 0.21892453 0.31097949]
Mean Summary Panel 3:
[0.0856347  0.07050749 0.28170879 0.06962334 0.05758471 0.27644667
 0.20155035 0.29287448 0.39766467 0.2733271  0.34283922 0.11779427
 0.243658   0.12842963 0.28014396 0.21955035 0.21897807 0.31096126]

-------------------------
MSE Difference in Means:
MSE Difference for Panel 2: 7.447571210232875e-07
MSE Difference for Panel 3: 7.384275874544193e-07

-------------------------
Std Summaries:
Std Summary Reference Dataset:
[0.1027945  0.05786194 0.05971764 0.09444025 0.05416855 0.07232374
 0.20121383 0.21964624 0.19885128 0.14588425 0.21552471 0.03707032
 0.2368985  0.12189459 0.23647919 0.15524641 0.16056028 0.17927806]
Std Summary Panel 2:
[0.10211139 0.0574066  0.05794343 0.09293574 0.05460978 0.06969822
 0.18403018 0.22002202 0.20084793 0.15235523 0.21875513 0.03009837
 0.23846064 0.12220163 0.2341688  0.16021973 0.15405431 0.18496221]
Std Summary Panel 3:
[0.09829177 0.05609845 0.05840135 0.09222676 0.05401768 0.07005311
 0.18856395 0.21269425 0.20388454 0.15560512 0.21136251 0.02964152
 0.24293689 0.11578106 0.23227983 0.16258658 0.158211   0.18776835]

-------------------------
MSE Difference in Standard Deviations:
MSE Difference for Panel 2: 2.8930006198839886e-05
MSE Difference for Panel 3: 3.6602180946670326e-05

-------------------------
1D TVD for each feature:
1D TVD for Panel 2:
[0.015492466692513458, 0.03169660008715654, 0.05166197119059732, 0.025364364971612763, 0.021422755984956708, 0.06691368590045087, 0.19357559958025738, 0.061648070628779764, 0.05071172724519655, 0.1092633807645118, 0.04139350078274987, 0.07757259660090045, 0.07791482026354427, 0.03770017731863442, 0.0971561029815036, 0.03619388667411921, 0.25904262089972985, 0.04410837056011471]
Mean 1D TVD for Panel 2:
0.07215737217374052
1D TVD for Panel 3:
[0.025761784432726746, 0.028620823093748693, 0.05984692646771849, 0.05256019146472391, 0.044953195991267264, 0.10520497053327915, 0.15811095528090668, 0.14762947604255588, 0.07139461983999326, 0.12076744862968336, 0.13953572542506504, 0.06465733139152603, 0.11526440621194782, 0.09098112765324866, 0.13252903417135084, 0.06356701020892519, 0.17608953774451663, 0.11061284690270176]
Mean 1D TVD for Panel 3:
0.09489374508254918

-------------------------
2D TVD for each feature pair:
2D TVD for Panel 2:
[[0.19067619412989134, 0.20631958358587565, 0.21763965747651984, 0.24463831506413838, 0.20167465993791822, 0.23907168627612335, 0.21835804925250563, 0.1998471319882063, 0.23464029174162288, 0.20853961676108967, 0.33986298330538217, 0.20298640599511097], [0.20631958358587568, 0.05543638620801357, 0.08839543692750193, 0.14294035142498512, 0.08386403952785385, 0.37413030508039413, 0.10776063917813726, 0.07785535619793535, 0.1599116712384515, 0.08671953728156817, 0.2907936409699176, 0.0876831119809986], [0.21763965747651984, 0.08839543692750193, 0.049326940128500106, 0.13987817983897605, 0.08658239770868949, 0.31442385813672824, 0.1175531342118353, 0.07912628708552395, 0.13535911279596827, 0.08634720475461105, 0.2779706749391642, 0.07466847996122174], [0.2446383150641384, 0.14294035142498512, 0.13987817983897605, 0.09879043791589083, 0.14688034809498918, 0.4983663514190485, 0.15741027606909505, 0.12246706523008094, 0.17946293132165556, 0.1432442048190431, 0.323458185226052, 0.14189754595832066], [0.2016746599379182, 0.08386403952785386, 0.08658239770868947, 0.14688034809498918, 0.03993093159628892, 0.49829252594615137, 0.10483730980320759, 0.06489494489408389, 0.14522651923180266, 0.0836197828352512, 0.27818959815781447, 0.07372554472144534], [0.23907168627612338, 0.374130305080394, 0.3144238581367282, 0.49836635141904856, 0.4982925259461513, 0.045894656851900084, 0.3632833880392619, 0.2551150777083405, 0.4347464549923475, 0.23712698552565153, 0.4826039511246623, 0.3972860803667402], [0.21835804925250563, 0.10776063917813726, 0.1175531342118353, 0.15741027606909505, 0.1048373098032076, 0.36328338803926197, 0.07580415201638584, 0.09800823492177943, 0.1599815024159513, 0.12419582802330537, 0.2871758913745536, 0.10273900378220238], [0.1998471319882063, 0.07785535619793534, 0.07912628708552395, 0.12246706523008095, 0.06489494489408387, 0.2551150777083405, 0.09800823492177943, 0.0354804175572116, 0.1247097694876952, 0.07133188118240957, 0.25412064845977, 0.06640274658160263], [0.2346402917416229, 0.1599116712384515, 0.13535911279596827, 0.17946293132165558, 0.1452265192318027, 0.43474645499234743, 0.15998150241595133, 0.12470976948769519, 0.08534210704258269, 0.11274836880516306, 0.305497197697606, 0.1303611448415368], [0.2085396167610897, 0.08671953728156818, 0.08634720475461105, 0.14324420481904312, 0.08361978283525119, 0.23712698552565148, 0.12419582802330537, 0.07133188118240957, 0.11274836880516309, 0.034447585552037745, 0.27272745861023673, 0.08967995027324788], [0.33986298330538217, 0.29079364096991756, 0.27797067493916416, 0.32345818522605196, 0.2781895981578144, 0.48260395112466226, 0.28717589137455357, 0.25412064845977, 0.305497197697606, 0.27272745861023673, 0.23517591185640635, 0.2605654402918831], [0.20298640599511097, 0.08768311198099861, 0.07466847996122175, 0.14189754595832066, 0.07372554472144535, 0.3972860803667402, 0.10273900378220238, 0.06640274658160264, 0.1303611448415368, 0.08967995027324788, 0.2605654402918831, 0.04235593179811524]]
Mean 2D TVD for Panel 2:
0.18628128840535496
2D TVD for Panel 3:
[[0.15712443791206393, 0.2289577714846307, 0.20214398831500358, 0.2335245363317356, 0.22522776562254465, 0.2061666717679646, 0.21049016767082007, 0.1908749926908284, 0.23460856195382568, 0.18963436203608272, 0.23806563518289006, 0.19814900951749242], [0.2289577714846307, 0.13629058231596616, 0.21462113372181107, 0.26532894500772297, 0.21396906509571928, 0.32487142384124046, 0.22283087065503238, 0.2080603983330862, 0.26673809774956164, 0.1793649979054584, 0.2285919399390493, 0.2119225356643187], [0.2021439883150036, 0.21462113372181107, 0.06979905761506522, 0.16555445806496555, 0.19085318306525528, 0.2992373533551751, 0.1639253030205173, 0.1512251887118472, 0.1876115221173502, 0.11820554214424057, 0.21666314884255966, 0.148964545419773], [0.2335245363317356, 0.26532894500772286, 0.16555445806496555, 0.11298133870611154, 0.2806115232235509, 0.47617692016780244, 0.2061911839194276, 0.1849568308766409, 0.23076864238726563, 0.1815580353145569, 0.2578324280536219, 0.1862551992650869], [0.22522776562254468, 0.21396906509571934, 0.19085318306525528, 0.2806115232235509, 0.1379003943326273, 0.47341896833048136, 0.2303450168881946, 0.19125598746331202, 0.2681806994017996, 0.19403106488008873, 0.25370856648547996, 0.2719335023581283], [0.2061666717679646, 0.3248714238412405, 0.2992373533551751, 0.4761769201678025, 0.47341896833048136, 0.054633142954271616, 0.36328891065671237, 0.2300349199532983, 0.3506518337214174, 0.2565755645409722, 0.4213755556456638, 0.41506699006999304], [0.21049016767082007, 0.22283087065503238, 0.1639253030205173, 0.2061911839194276, 0.2303450168881946, 0.36328891065671237, 0.11315478654197841, 0.18141401055100798, 0.22563994807052926, 0.17220967791789188, 0.24055009435159633, 0.17263203394502075], [0.19087499269082842, 0.20806039833308618, 0.1512251887118472, 0.18495683087664086, 0.191255987463312, 0.23003491995329833, 0.18141401055100792, 0.0870929999912319, 0.21668938700925186, 0.13020616947592192, 0.22354775539346336, 0.174619655343538], [0.2346085619538257, 0.2667380977495617, 0.18761152211735022, 0.23076864238726563, 0.26818069940179956, 0.3506518337214174, 0.22563994807052926, 0.21668938700925186, 0.1294528348634419, 0.16806183467908448, 0.251595321846554, 0.20735918869546385], [0.1896343620360827, 0.17936499790545837, 0.11820554214424059, 0.18155803531455686, 0.1940310648800887, 0.25657556454097225, 0.17220967791789188, 0.13020616947592192, 0.16806183467908448, 0.06169714844419723, 0.19879548799794933, 0.14703253911436767], [0.2380656351828901, 0.2285919399390493, 0.21666314884255963, 0.25783242805362194, 0.25370856648547996, 0.42137555564566376, 0.24055009435159633, 0.22354775539346333, 0.251595321846554, 0.19879548799794935, 0.16242861765817324, 0.23299406289009855], [0.1981490095174924, 0.21192253566431868, 0.148964545419773, 0.18625519926508693, 0.2719335023581283, 0.4150669900699931, 0.17263203394502075, 0.174619655343538, 0.20735918869546388, 0.1470325391143677, 0.2329940628900985, 0.1082569349288657]]
Mean 2D TVD for Panel 3:
0.22040770505896853

-------------------------
Average Cluster Distance:
Average Cluster Distance for Panel 2: 0.008729457552090644
Average Cluster Distance for Panel 3: 0.0004984970583843786
