Batches:
Panel 2
Panel 3

-------------------------
Mean Summaries:
Mean Summary Reference Dataset:
[-7.85436305e+06  7.25367838e-02  2.85910043e-01  7.36683534e-02
  5.88949440e-02  2.80962656e-01  1.80463930e-01  2.47825995e-01
  3.97140601e-01  2.78002577e-01  3.41428497e-01  1.18553983e-01
  2.41109499e-01  1.51856337e-01  2.48061902e-01  2.24775214e-01
  2.03792095e-01  2.79908528e-01]
Mean Summary Panel 2:
[0.09019115 0.07313166 0.28331329 0.07468767 0.06062653 0.27836333
 0.17801282 0.23737132 0.39308097 0.27444418 0.33399288 0.11797925
 0.23875799 0.15391662 0.24457829 0.22536371 0.227138   0.27167364]
Mean Summary Panel 3:
[-40.25509504   0.07132563   0.28231926   0.07075531   0.05850113
   0.14715884   0.18166569   0.23091283   0.39350867   0.27604338
   0.34996699   0.11757143   0.24539267   0.15308739   0.22544193
   0.22475902   0.22574241   0.27067697]

-------------------------
MSE Difference in Means:
MSE Difference for Panel 2: 3427278905124.503
MSE Difference for Panel 3: 3427243695600.644

-------------------------
Std Summaries:
Std Summary Reference Dataset:
[5.85239230e+09 5.96064903e-02 6.50109028e-02 1.01535088e-01
 5.71490741e-02 8.02948559e-02 1.69194586e-01 2.02953396e-01
 1.94931878e-01 1.46391973e-01 2.07470858e-01 3.55408643e-02
 2.27600200e-01 1.34252241e-01 2.68851828e-01 1.57201455e-01
 1.71013134e-01 1.73578077e-01]
Std Summary Panel 2:
[0.10534239 0.06021405 0.06138539 0.10449116 0.06215236 0.08634508
 0.16120771 0.20026707 0.19508517 0.14883471 0.21362976 0.03673197
 0.22369708 0.13259742 0.26059748 0.15733211 0.14951519 0.17975552]
Std Summary Panel 3:
[3.24463891e+04 5.80512629e-02 5.94709843e-02 9.40487485e-02
 5.72348516e-02 6.48518072e+01 1.61117141e-01 1.90475930e-01
 1.93859913e-01 1.44749074e-01 1.95017173e-01 3.48308972e-02
 2.23281255e-01 1.36102580e-01 2.59938294e-01 1.54141766e-01
 1.47859654e-01 1.77737387e-01]

-------------------------
MSE Difference in Standard Deviations:
MSE Difference for Panel 2: 1.9028053155615654e+18
MSE Difference for Panel 3: 1.9027842169110088e+18

-------------------------
1D TVD for each feature:
1D TVD for Panel 2:
[3.6232967108740324e-06, 0.026502428745300653, 0.09251159922844494, 0.014240000661253796, 0.025757480305784668, 0.007916500523182057, 0.07813496094484935, 0.12848987738538756, 0.05931708380856231, 0.03716827200733042, 0.052536155484519086, 0.025501231302403924, 0.062079666937939565, 0.04741726732107194, 0.07358726932649086, 0.03264451534174179, 0.2532798769306348, 0.05022842502552634]
Mean 1D TVD for Panel 2:
0.05929534636539638
1D TVD for Panel 3:
[3.6232967108740324e-06, 0.08825803688983332, 0.08563777645572443, 0.06790085284161138, 0.060979471980782594, 8.056177585450714e-06, 0.1179462348075913, 0.23757347112727037, 0.06676903993383518, 0.05050430708665716, 0.12476265667641977, 0.027552795502816835, 0.10423275652865738, 0.06576383226371106, 0.27485499506674255, 0.11298422354720059, 0.22688768305150883, 0.07180208802523917]
Mean 1D TVD for Panel 3:
0.09913455006999435

-------------------------
2D TVD for each feature pair:
2D TVD for Panel 2:
[[0.07359140652877377, 0.16737167699411537, 0.11780419996221173, 0.10391431430474105, 0.12822563891116087, 0.09081390622306948, 0.11633185010934165, 0.09455239911190048, 0.14808395690027643, 0.09720418478077775, 0.2786292419361869, 0.12385155063713849], [0.16737167699411537, 0.11533691877305693, 0.14952594189601023, 0.14198944865921412, 0.1454010732293778, 0.11904386977247972, 0.14143597091660381, 0.11215739189491566, 0.16671475486060564, 0.11881277648290603, 0.3267195830658628, 0.14168885990246072], [0.1178041999622117, 0.14952594189601026, 0.04076888386775112, 0.081188709976596, 0.09634635424035667, 0.050787589138335136, 0.09380095752943908, 0.0628224088038227, 0.11008600677044297, 0.10188291676904583, 0.31951011736851637, 0.11150031623209194], [0.10391431430474103, 0.14198944865921412, 0.08118870997659601, 0.034337196972709184, 0.08877603737419228, 0.03767381081244499, 0.09576931200126486, 0.05541388324844555, 0.1010877038939801, 0.05996431934963441, 0.29769077720789155, 0.10450435768200418], [0.12822563891116087, 0.1454010732293778, 0.09634635424035667, 0.08877603737419229, 0.049541552420966514, 0.055605501285720046, 0.10603963030607562, 0.08248134838772173, 0.13218504103780393, 0.09840805712698414, 0.26664184287804976, 0.09792816190743521], [0.0908139062230695, 0.11904386977247973, 0.05078758913833514, 0.037673810812445, 0.05560550128572005, 0.025353133632305794, 0.06445363112219644, 0.037127295072572924, 0.08388242969417095, 0.029523388011333442, 0.25124951894876296, 0.06158588048159795], [0.11633185010934165, 0.14143597091660384, 0.09380095752943907, 0.09576931200126484, 0.10603963030607562, 0.06445363112219647, 0.057733838130297956, 0.0754031712100523, 0.12721900526521276, 0.123190663212241, 0.2627592612509157, 0.11627143270708912], [0.09455239911190047, 0.11215739189491568, 0.0628224088038227, 0.05541388324844556, 0.08248134838772171, 0.037127295072572924, 0.07540317121005231, 0.03297800548537437, 0.0995981767755115, 0.07358513233946354, 0.226399407562551, 0.07093316018974738], [0.14808395690027643, 0.16671475486060564, 0.11008600677044297, 0.1010877038939801, 0.13218504103780393, 0.08388242969417097, 0.12721900526521276, 0.0995981767755115, 0.07127739586452869, 0.13174308067604976, 0.2737353157694938, 0.11994403873243766], [0.09720418478077776, 0.11881277648290606, 0.10188291676904583, 0.05996431934963441, 0.09840805712698414, 0.02952338801133344, 0.12319066321224101, 0.07358513233946352, 0.13174308067604978, 0.02855373578277173, 0.2480401762036069, 0.0851648599637792], [0.2786292419361869, 0.32671958306586285, 0.31951011736851637, 0.2976907772078916, 0.26664184287804976, 0.2512495189487629, 0.2627592612509157, 0.22639940756255106, 0.2737353157694937, 0.24804017620360685, 0.2344337798018207, 0.2772290636391806], [0.12385155063713846, 0.14168885990246072, 0.11150031623209194, 0.1045043576820042, 0.09792816190743518, 0.06158588048159795, 0.11627143270708913, 0.07093316018974738, 0.11994403873243766, 0.08516485996377923, 0.27722906363918065, 0.049557091037242394]]
Mean 2D TVD for Panel 2:
0.12477968485911692
2D TVD for Panel 3:
[[0.10867813596973229, 0.3090701145567398, 0.16597527186222594, 0.14192558161736485, 0.2034232856202004, 0.12692980213936522, 0.18484341231693158, 0.1530996032438264, 0.34064654408568745, 0.19477801445428233, 0.3182856962503357, 0.166652492099467], [0.3090701145567398, 0.22372079595919242, 0.25839506241271065, 0.25594115337961787, 0.27937472432534216, 0.2302638702305103, 0.2763809389089787, 0.25803198090298485, 0.42059499987903637, 0.29591632345792096, 0.37306748189236494, 0.2246193254525287], [0.1659752718622259, 0.2583950624127107, 0.0406801777244222, 0.09333368664308284, 0.16549165942361083, 0.04781590597933212, 0.13181339374539494, 0.1147993245544984, 0.3016736950227148, 0.2275600152993852, 0.3558597513050942, 0.12866565430598317], [0.14192558161736485, 0.2559411533796178, 0.09333368664308284, 0.043963718565643316, 0.1537381761043849, 0.049109211722200743, 0.152709572519439, 0.09506232400410389, 0.32602086144076936, 0.13802262257575526, 0.30024777036875777, 0.10140173161572816], [0.2034232856202004, 0.27937472432534216, 0.1654916594236108, 0.1537381761043849, 0.10472552359304861, 0.11981824734301082, 0.2446207635317515, 0.16328761423231206, 0.3621732636614387, 0.1977892539175547, 0.2653415613993577, 0.19025623227915175], [0.1269298021393652, 0.23026387023051031, 0.047815905979332135, 0.04910921172220075, 0.11981824734301082, 0.013450988365677857, 0.09481450629892, 0.060028128976785, 0.24749594751290874, 0.109137528920092, 0.24511000706833908, 0.07251515766896492], [0.18484341231693158, 0.27638093890897864, 0.13181339374539494, 0.152709572519439, 0.24462076353175152, 0.09481450629892002, 0.08564792183403618, 0.16228786989501448, 0.29179409872025447, 0.315196829504355, 0.33547071094074465, 0.1653514023407912], [0.1530996032438264, 0.25803198090298485, 0.11479932455449841, 0.09506232400410387, 0.16328761423231208, 0.060028128976784986, 0.16228786989501445, 0.0593583430084449, 0.29977508986008583, 0.15285832972318908, 0.24336763052646593, 0.12312325357474192], [0.34064654408568734, 0.4205949998790365, 0.3016736950227148, 0.32602086144076936, 0.3621732636614386, 0.24749594751290874, 0.2917940987202545, 0.29977508986008583, 0.2274657243104758, 0.3723680330739014, 0.39928750919478007, 0.30636439627910106], [0.19477801445428233, 0.29591632345792096, 0.22756001529938522, 0.13802262257575526, 0.1977892539175547, 0.109137528920092, 0.315196829504355, 0.15285832972318908, 0.3723680330739014, 0.09538124993155205, 0.3008567309052634, 0.15870294948020675], [0.31828569625033576, 0.373067481892365, 0.3558597513050942, 0.3002477703687579, 0.2653415613993577, 0.24511000706833905, 0.33547071094074465, 0.2433676305264659, 0.39928750919478007, 0.30085673090526344, 0.22284549500959588, 0.260613889963058], [0.166652492099467, 0.2246193254525287, 0.1286656543059832, 0.10140173161572814, 0.19025623227915175, 0.07251515766896494, 0.1653514023407912, 0.12312325357474194, 0.30636439627910106, 0.15870294948020675, 0.260613889963058, 0.06748043474012343]]
Mean 2D TVD for Panel 3:
0.20788954481968291

-------------------------
Average Cluster Distance:
Average Cluster Distance for Panel 2: 0.006352463275836924
Average Mahalanobis Shift for Panel 2: 0.3472407640613865
Average Cluster Distance for Panel 3: 0.0063003517149662755
Average Mahalanobis Shift for Panel 3: 0.4358923350676214
