Batches:
Panel 2
Panel 3

-------------------------
Mean Summaries:
Mean Summary Reference Dataset:
[0.08592459 0.07047976 0.28113996 0.06904135 0.05679426 0.27582333
 0.20156723 0.2930761  0.39776536 0.27074181 0.34415246 0.11762772
 0.24405458 0.12855119 0.28102394 0.21961378 0.21867933 0.30954547]
Mean Summary Panel 2:
[0.08637296 0.07129252 0.28080466 0.06896941 0.05718732 0.27519564
 0.18324615 0.27446595 0.38953646 0.27560884 0.34498533 0.11829774
 0.22895011 0.12921072 0.26307912 0.21962499 0.21154573 0.30681551]
Mean Summary Panel 3:
[0.0856347  0.07050749 0.28170879 0.06962334 0.05758471 0.27644667
 0.18970075 0.25149367 0.3899095  0.26599382 0.32658431 0.11778873
 0.22889425 0.13215197 0.26025195 0.21891225 0.21340237 0.30980328]

-------------------------
MSE Difference in Means:
MSE Difference for Panel 2: 7.694504329667547e-05
MSE Difference for Panel 3: 0.00016484876992037162

-------------------------
Std Summaries:
Std Summary Reference Dataset:
[0.1027945  0.05786194 0.05971764 0.09444025 0.05416855 0.07232374
 0.20121383 0.21964624 0.19885128 0.14588425 0.21552471 0.03707032
 0.2368985  0.12189459 0.23647919 0.15524641 0.16056028 0.17927806]
Std Summary Panel 2:
[0.10211139 0.0574066  0.05794343 0.09293574 0.05460978 0.06969822
 0.17440523 0.20911085 0.193265   0.14619126 0.21367879 0.03815537
 0.22693708 0.11687755 0.22434217 0.15304953 0.14576198 0.1809773 ]
Std Summary Panel 3:
[0.09829177 0.05609845 0.05840135 0.09222676 0.05401768 0.07005311
 0.17488627 0.19298716 0.19001588 0.14600957 0.19527281 0.03605479
 0.22450768 0.10663028 0.21496335 0.15118462 0.14234489 0.17752643]

-------------------------
MSE Difference in Standard Deviations:
MSE Difference for Panel 2: 7.650919236703733e-05
MSE Difference for Panel 3: 0.00017384012521966241

-------------------------
1D TVD for each feature:
1D TVD for Panel 2:
[0.015492466692513458, 0.03169660008715654, 0.05166197119059732, 0.025364364971612763, 0.021422755984956708, 0.06691368590045087, 0.2738872234426768, 0.3053856886871678, 0.1210412799712664, 0.07595291048413877, 0.02871819482983084, 0.022293915057468337, 0.1212133822260325, 0.046505887513952, 0.07329166364421408, 0.04671759167414864, 0.28726872222491595, 0.028851463931508444]
Mean 1D TVD for Panel 2:
0.09131554269525602
1D TVD for Panel 3:
[0.025761784432726746, 0.028620823093748693, 0.05984692646771849, 0.05256019146472391, 0.044953195991267264, 0.10520497053327915, 0.2784695419767488, 0.5335616923701397, 0.12847012004998756, 0.10603065779669682, 0.22638188956689745, 0.020893841525221557, 0.13252535302807392, 0.14851942270700247, 0.1197513992399465, 0.07943023499706635, 0.3135073884056211, 0.02919655159648284]
Mean 1D TVD for Panel 3:
0.13520477695796385

-------------------------
2D TVD for each feature pair:
2D TVD for Panel 2:
[[0.2734253077064053, 0.4510177261517343, 0.32947528668306086, 0.30365104819120803, 0.27950634813524566, 0.27529867945867526, 0.32475492137822937, 0.28271846577020043, 0.3037432592269059, 0.2836347162818178, 0.45573747830140776, 0.2751235213150978], [0.4510177261517344, 0.30433215727490376, 0.34017299835857623, 0.347318577306901, 0.32042411946796184, 0.31086328509609695, 0.343855834835048, 0.2959140355756362, 0.2984852422352205, 0.3105394538157694, 0.3856014130744514, 0.30637352972850845], [0.3294752866830609, 0.34017299835857623, 0.11681002540838388, 0.1723232667118892, 0.13561388991983317, 0.11913676199235629, 0.17751030592657313, 0.14267742973038156, 0.17924927076054203, 0.14340450514219455, 0.35577822864912945, 0.1327878098616347], [0.30365104819120803, 0.34731857730690097, 0.17232326671188916, 0.07199353961351589, 0.09013396527479348, 0.07832427529935436, 0.16683857757297854, 0.09202002638020625, 0.14097311803562948, 0.10220848232950996, 0.3084431645568768, 0.08915411484162725], [0.27950634813524566, 0.3204241194679619, 0.13561388991983317, 0.09013396527479348, 0.026997189369197597, 0.03785773293787534, 0.12969552657588035, 0.0638650488752384, 0.13673213168788578, 0.061718729208534356, 0.29534593294162004, 0.049159335121675585], [0.2752986794586753, 0.3108632850960969, 0.11913676199235629, 0.07832427529935437, 0.03785773293787534, 0.01942809594097804, 0.1274022940160241, 0.05313316208073971, 0.0844128674612464, 0.05373178629359622, 0.2914129994715247, 0.03770211075190259], [0.32475492137822937, 0.34385583483504806, 0.17751030592657313, 0.16683857757297854, 0.12969552657588035, 0.1274022940160241, 0.12064802770679833, 0.14474410131533502, 0.169277382775484, 0.13311081555605453, 0.35279859683776094, 0.1303293312499916], [0.2827184657702004, 0.2959140355756362, 0.14267742973038158, 0.09202002638020625, 0.06386504887523839, 0.053133162080739704, 0.14474410131533502, 0.04521685552226638, 0.10604299858839648, 0.06844241454520503, 0.3059939111337189, 0.06029930643131905], [0.30374325922690587, 0.2984852422352205, 0.17924927076054203, 0.14097311803562948, 0.13673213168788578, 0.0844128674612464, 0.16927738277548401, 0.10604299858839647, 0.0726480258059723, 0.10064377536486963, 0.29380959710944726, 0.11322935837263184], [0.2836347162818178, 0.3105394538157694, 0.14340450514219455, 0.10220848232950996, 0.061718729208534356, 0.053731786293596234, 0.13311081555605453, 0.06844241454520503, 0.10064377536486963, 0.04591046777341072, 0.2960125755310712, 0.06262601109992896], [0.45573747830140776, 0.3856014130744514, 0.3557782286491295, 0.3084431645568768, 0.29534593294162004, 0.29141299947152477, 0.3527985968377609, 0.305993911133719, 0.29380959710944715, 0.29601257553107113, 0.286920152401438, 0.2864103279538397], [0.2751235213150979, 0.30637352972850845, 0.1327878098616347, 0.08915411484162722, 0.049159335121675585, 0.03770211075190259, 0.1303293312499916, 0.06029930643131904, 0.11322935837263184, 0.06262601109992898, 0.2864103279538397, 0.027886708373318615]]
Mean 2D TVD for Panel 2:
0.1972616051543105
2D TVD for Panel 3:
[[0.27411137372630384, 0.6204889690326043, 0.33898701451668567, 0.3135360529452644, 0.4074117736940015, 0.2768265714394501, 0.33562915851535846, 0.34651586427084735, 0.33079693689303513, 0.2923140334521909, 0.44507383411464296, 0.2783538306166089], [0.6204889690326043, 0.5277653783606553, 0.5920533682032728, 0.5516671738511237, 0.5392050893156352, 0.5304928717984283, 0.5904054038906491, 0.5663380257067723, 0.5413586754525541, 0.5509644667402032, 0.579427177451139, 0.5452422753905883], [0.3389870145166857, 0.5920533682032729, 0.1235217198036773, 0.20489928707640775, 0.3033602297836665, 0.12726012368371564, 0.19239977712116096, 0.21444641299878117, 0.22674245739830023, 0.16812949357376483, 0.37671739350515326, 0.14106202476855137], [0.3135360529452644, 0.5516671738511238, 0.20489928707640775, 0.0974759867005941, 0.29410232238413164, 0.10607688577641011, 0.20320897877934066, 0.18738196948814, 0.18142224478992275, 0.14529955682956514, 0.36540413831128826, 0.13968687668852284], [0.4074117736940016, 0.5392050893156353, 0.30336022978366645, 0.2941023223841317, 0.21539831991838626, 0.22509014162447513, 0.3046311002284616, 0.27518532576044935, 0.31579520201254185, 0.24134380561459381, 0.36502854574119886, 0.24695363447060756], [0.2768265714394501, 0.5304928717984283, 0.12726012368371561, 0.10607688577641013, 0.22509014162447513, 0.019766873588162922, 0.13802805764712409, 0.15066881146172204, 0.13125465983121976, 0.08313170597665069, 0.3066220234685537, 0.03798133383165423], [0.33562915851535846, 0.590405403890649, 0.19239977712116094, 0.2032089787793407, 0.30463110022846157, 0.13802805764712406, 0.13217200801995369, 0.232694800581664, 0.22455220744092352, 0.15896205926956983, 0.3617696788601585, 0.14280331644228364], [0.3465158642708473, 0.5663380257067723, 0.21444641299878114, 0.18738196948814, 0.2751853257604494, 0.150668811461722, 0.232694800581664, 0.14462510485616312, 0.218471490167907, 0.1760313362076589, 0.3534739170557052, 0.15694182511887272], [0.3307969368930352, 0.541358675452554, 0.22674245739830023, 0.18142224478992278, 0.31579520201254185, 0.13125465983121978, 0.22455220744092352, 0.21847149016790704, 0.1189740333552652, 0.15662641611613115, 0.3389079017089, 0.1726885545617103], [0.29231403345219087, 0.5509644667402033, 0.16812949357376483, 0.14529955682956514, 0.24134380561459381, 0.0831317059766507, 0.15896205926956983, 0.17603133620765887, 0.15662641611613115, 0.07784800814354234, 0.3164427762736796, 0.08888802869478979], [0.44507383411464296, 0.579427177451139, 0.3767173935051532, 0.3654041383112882, 0.3650285457411989, 0.3066220234685537, 0.3617696788601585, 0.3534739170557052, 0.33890790170889995, 0.31644277627367956, 0.30041010325724016, 0.3065181517545469], [0.27835383061660895, 0.5452422753905883, 0.1410620247685514, 0.13968687668852284, 0.24695363447060759, 0.03798133383165424, 0.14280331644228364, 0.15694182511887272, 0.17268855456171034, 0.0888880286947898, 0.3065181517545469, 0.026982588346194703]]
Mean 2D TVD for Panel 3:
0.2834402957945792

-------------------------
Average Cluster Distance:
Average Cluster Distance for Panel 2: 0.004981589053404998
Average Mahalanobis Shift for Panel 2: 0.31832493007266505
Average Cluster Distance for Panel 3: 0.003154017718566273
Average Mahalanobis Shift for Panel 3: 0.2780026796882047
