Batches:
Panel 2
Panel 3

-------------------------
Mean Summaries:
Mean Summary Reference Dataset:
[0.08592459 0.07047976 0.28113996 0.06904135 0.05679426 0.27582333
 0.20156723 0.2930761  0.39776536 0.27074181 0.34415246 0.11762772
 0.24405458 0.12855119 0.28102394 0.21961378 0.21867933 0.30954547]
Mean Summary Panel 2:
[0.08637296 0.07129252 0.28080466 0.06896941 0.05718732 0.27519564
 0.18330911 0.27427117 0.38937163 0.27819015 0.34378902 0.11988033
 0.22850606 0.12899767 0.26216479 0.21955673 0.21162385 0.3082719 ]
Mean Summary Panel 3:
[0.0856347  0.07050749 0.28170879 0.06962334 0.05758471 0.27644667
 0.18964124 0.25128026 0.38982151 0.26863983 0.32539097 0.11562751
 0.22847329 0.13194856 0.25941682 0.21888645 0.21353561 0.31117056]

-------------------------
MSE Difference in Means:
MSE Difference for Panel 2: 8.159332624278323e-05
MSE Difference for Panel 3: 0.00017028967530248468

-------------------------
Std Summaries:
Std Summary Reference Dataset:
[0.1027945  0.05786194 0.05971764 0.09444025 0.05416855 0.07232374
 0.20121383 0.21964624 0.19885128 0.14588425 0.21552471 0.03707032
 0.2368985  0.12189459 0.23647919 0.15524641 0.16056028 0.17927806]
Std Summary Panel 2:
[0.10211139 0.0574066  0.05794343 0.09293574 0.05460978 0.06969822
 0.17411924 0.20913213 0.19293958 0.14640379 0.21311254 0.02911282
 0.22665034 0.11659965 0.22415903 0.1528397  0.14478543 0.18039229]
Std Summary Panel 3:
[0.09829177 0.05609845 0.05840135 0.09222676 0.05401768 0.07005311
 0.17477311 0.19292646 0.18988106 0.14616299 0.19500422 0.02763133
 0.22438613 0.10648251 0.21488695 0.1511288  0.14203834 0.177561  ]

-------------------------
MSE Difference in Standard Deviations:
MSE Difference for Panel 2: 8.349568937426518e-05
MSE Difference for Panel 3: 0.00018123678267211124

-------------------------
1D TVD for each feature:
1D TVD for Panel 2:
[0.015492466692513458, 0.03169660008715654, 0.05166197119059732, 0.025364364971612763, 0.021422755984956708, 0.06691368590045087, 0.27344176000949777, 0.30661216140019365, 0.12139279341140122, 0.10603314555378132, 0.037608647572179424, 0.11996528533223591, 0.12421472564117586, 0.04431199266235546, 0.07634048134259538, 0.047595470098791226, 0.2915802161802793, 0.025482389513678677]
Mean 1D TVD for Panel 2:
0.09928505075252515
1D TVD for Panel 3:
[0.025761784432726746, 0.028620823093748693, 0.05984692646771849, 0.05256019146472391, 0.044953195991267264, 0.10520497053327915, 0.2789354950712447, 0.5342830036187449, 0.12938731066366504, 0.07537213830072878, 0.23282096428077137, 0.11569331753824721, 0.13456647970134905, 0.14691159957148148, 0.12092862325814141, 0.08055187609393388, 0.3186356655349437, 0.028351446726150684]
Mean 1D TVD for Panel 3:
0.13963254513015924

-------------------------
2D TVD for each feature pair:
2D TVD for Panel 2:
[[0.2667777769074829, 0.43476876257719416, 0.3250549856866156, 0.31534073263420415, 0.2757920504912833, 0.3319009998999688, 0.32524195033228276, 0.2800845359146591, 0.30477637876530134, 0.28320108860347637, 0.45280168096998996, 0.2741745366380353], [0.43476876257719416, 0.3051312683887276, 0.36661088253537855, 0.3580513448652778, 0.28550133680409073, 0.47463168682880713, 0.36174527035573617, 0.32332842661302946, 0.2920700762792876, 0.3043949281183693, 0.385038935174004, 0.32013121959693575], [0.32505498568661567, 0.36661088253537855, 0.11519823410897334, 0.19121950302737983, 0.1347632635664658, 0.3481864063686482, 0.1790194525033802, 0.14795334188136072, 0.1779527793613682, 0.14730013087649924, 0.33683844086599657, 0.13678467726345347], [0.3153407326342042, 0.3580513448652778, 0.19121950302737983, 0.09897696600991163, 0.12210696942015667, 0.5047486486658292, 0.19063249770160134, 0.11892827005174747, 0.17074603672583633, 0.12992390121633263, 0.3294436924917663, 0.11762246760238176], [0.27579205049128336, 0.28550133680409073, 0.1347632635664658, 0.12210696942015667, 0.034664167802776834, 0.4737822083540879, 0.1350222115270553, 0.06568939954289635, 0.14113276147095938, 0.06747473813845947, 0.31447286896533677, 0.06233731766268928], [0.33190099989996885, 0.4746316868288072, 0.3481864063686483, 0.5047486486658294, 0.4737822083540879, 0.1042715613753678, 0.41318994402720294, 0.27451391265434544, 0.40548924695821337, 0.2784147317322655, 0.5184545377127885, 0.46357146595026344], [0.32524195033228276, 0.3617452703557362, 0.1790194525033802, 0.19063249770160132, 0.1350222115270553, 0.41318994402720277, 0.12250765787145645, 0.1463871573197485, 0.17014202798978323, 0.13304648331565472, 0.3450845000715147, 0.1313296108354343], [0.28008453591465915, 0.32332842661302946, 0.14795334188136072, 0.11892827005174747, 0.06568939954289635, 0.2745139126543455, 0.14638715731974847, 0.04387358389605919, 0.11023103896472124, 0.06851371153653094, 0.306991226558199, 0.05951210848120368], [0.30477637876530134, 0.2920700762792876, 0.17795277936136816, 0.17074603672583633, 0.14113276147095938, 0.4054892469582133, 0.17014202798978323, 0.11023103896472122, 0.07573779191754255, 0.10262485047760027, 0.2865026057705967, 0.11733495655160071], [0.2832010886034764, 0.3043949281183693, 0.1473001308764992, 0.12992390121633263, 0.06747473813845946, 0.2784147317322655, 0.1330464833156547, 0.06851371153653094, 0.10262485047760025, 0.045789455009955224, 0.2904954858351961, 0.06542700915311493], [0.45280168096998996, 0.38503893517400406, 0.3368384408659966, 0.3294436924917663, 0.3144728689653368, 0.5184545377127885, 0.3450845000715147, 0.30699122655819905, 0.28650260577059666, 0.2904954858351961, 0.2884777459191592, 0.29367960414179956], [0.27417453663803526, 0.32013121959693575, 0.1367846772634535, 0.11762246760238178, 0.06233731766268928, 0.46357146595026333, 0.13132961083543426, 0.05951210848120368, 0.11733495655160073, 0.06542700915311493, 0.2936796041417995, 0.024907380226784036]]
Mean 2D TVD for Panel 2:
0.24392801119014568
2D TVD for Panel 3:
[[0.27439418002549615, 0.6338361253937959, 0.33943164576098916, 0.3051837322039291, 0.4165603608998824, 0.3216378338685272, 0.3390930144942703, 0.34432371166160475, 0.3298640581996995, 0.2891536205980709, 0.44558001243806006, 0.28332150838515385], [0.633836125393796, 0.5264165397779449, 0.6047999741709555, 0.566549253539113, 0.5476918336546179, 0.629934973701203, 0.5894828803843625, 0.5578254511583209, 0.5450854415532926, 0.5396690555447796, 0.5786278112139359, 0.5435706258141142], [0.33943164576098916, 0.6047999741709554, 0.1252555733790154, 0.1807258775818107, 0.3072232412093511, 0.3034294613117642, 0.19299844919372638, 0.21628714671373037, 0.22462421640747718, 0.16917673727746452, 0.3701202515944652, 0.14321680148884217], [0.3051837322039291, 0.566549253539113, 0.1807258775818107, 0.07148019368988554, 0.27781106886683066, 0.5106649925699582, 0.1826949862200094, 0.17120425754417604, 0.17323594697709815, 0.12150707579356293, 0.3590227643093123, 0.10859744162672572], [0.41656036089988235, 0.5476918336546179, 0.3072232412093511, 0.2778110688668307, 0.22893720331204298, 0.5688043119245819, 0.31418788026781586, 0.28077973502065295, 0.3190328073250689, 0.25612515667290287, 0.3763533267698911, 0.2717323282337115], [0.3216378338685272, 0.6299349737012031, 0.3034294613117642, 0.5106649925699581, 0.5688043119245819, 0.09135908638533936, 0.36986207100282903, 0.29064504026581245, 0.4359186921855313, 0.3521968412253652, 0.4940542159415109, 0.38069085007095665], [0.3390930144942703, 0.5894828803843626, 0.19299844919372638, 0.1826949862200094, 0.31418788026781586, 0.36986207100282903, 0.13309330738680789, 0.23032182937762585, 0.22425208568913224, 0.15597165096099444, 0.3520614146086788, 0.1378066213458238], [0.34432371166160475, 0.557825451158321, 0.21628714671373037, 0.17120425754417604, 0.280779735020653, 0.2906450402658125, 0.2303218293776259, 0.14459239443169833, 0.22029045666967806, 0.17482799689494066, 0.35145140469504776, 0.1596913269470616], [0.3298640581996995, 0.5450854415532926, 0.22462421640747715, 0.17323594697709815, 0.3190328073250689, 0.4359186921855312, 0.22425208568913224, 0.22029045666967806, 0.11890422181556355, 0.15870475305530346, 0.3346626903570981, 0.17616076564096933], [0.2891536205980709, 0.5396690555447796, 0.1691767372774645, 0.12150707579356292, 0.2561251566729029, 0.3521968412253652, 0.1559716509609944, 0.17482799689494063, 0.15870475305530343, 0.0784779268395331, 0.3300893769856913, 0.09320996131061633], [0.44558001243806006, 0.5786278112139358, 0.37012025159446527, 0.35902276430931224, 0.3763533267698911, 0.4940542159415109, 0.3520614146086787, 0.35145140469504765, 0.3346626903570981, 0.3300893769856913, 0.28576760352936137, 0.3231543048985611], [0.2833215083851539, 0.5435706258141142, 0.1432168014888422, 0.10859744162672573, 0.2717323282337115, 0.3806908500709566, 0.1378066213458238, 0.1596913269470616, 0.17616076564096936, 0.09320996131061633, 0.3231543048985611, 0.02655333942329397]]
Mean 2D TVD for Panel 3:
0.3187419350370393

-------------------------
Average Cluster Distance:
Average Cluster Distance for Panel 2: 0.0064663043025767405
Average Cluster Distance for Panel 3: 0.007904463872148434
