Batches:
Panel 2
Panel 3

-------------------------
Mean Summaries:
Mean Summary Reference Dataset:
[ 5.79453871e-15  3.12321061e-15  1.01358357e-14  2.96849629e-15
  2.80348705e-15  1.39937737e-14  9.68929776e-03  1.83686679e-02
  4.27754205e-03 -7.20516613e-04  8.53008794e-03  1.89872122e-03
  9.18226211e-03  4.01476531e-04  1.09598567e-02  1.73817706e-03
  4.45831436e-03  3.09545475e-01]
Mean Summary Panel 2:
[ 5.80419964e-15  3.12782206e-15  1.01225230e-14  2.96959925e-15
  2.80411247e-15  1.39792752e-14 -8.82633827e-03 -6.58480294e-04
 -4.76217669e-03  3.31481957e-03  8.94285662e-03  2.50962811e-03
 -7.04609315e-03  6.32366912e-04 -7.47278471e-03  2.41304528e-03
 -3.36971684e-03  3.06815512e-01]
Mean Summary Panel 3:
[ 5.79981192e-15  3.12698459e-15  1.01570646e-14  2.98401179e-15
  2.81728751e-15  1.40258468e-14 -2.44267647e-03 -2.31384497e-02
 -5.53147318e-03 -6.06605218e-03 -9.92196940e-03  1.66626270e-03
 -7.34563474e-03  4.22279961e-03 -9.60375473e-03  1.23400739e-04
 -1.33453952e-03  3.09803277e-01]

-------------------------
MSE Difference in Means:
MSE Difference for Panel 2: 8.198702730366238e-05
MSE Difference for Panel 3: 0.0001712342615883277

-------------------------
Std Summaries:
Std Summary Reference Dataset:
[3.29530018e-15 1.73393802e-15 2.49390910e-15 2.11738561e-15
 1.71494236e-15 3.92057365e-15 1.90308036e-01 2.02270625e-01
 1.64378930e-01 1.24821671e-01 2.10057276e-01 3.81690771e-02
 2.07593147e-01 1.15803475e-01 2.19789748e-01 1.34626228e-01
 1.53689213e-01 1.79278059e-01]
Std Summary Panel 2:
[3.23479179e-15 1.69070433e-15 2.41618270e-15 2.08105527e-15
 1.68629457e-15 3.79294749e-15 1.66774889e-01 1.93559425e-01
 1.59396059e-01 1.24816521e-01 2.08099683e-01 3.88476083e-02
 2.00739932e-01 1.10768758e-01 2.09818042e-01 1.33264160e-01
 1.39211063e-01 1.80977305e-01]
Std Summary Panel 3:
[3.16992142e-15 1.66582654e-15 2.42510393e-15 2.06371422e-15
 1.67264214e-15 3.79461698e-15 1.65699980e-01 1.80664249e-01
 1.56658211e-01 1.25459195e-01 1.92047806e-01 3.72422705e-02
 1.98505181e-01 9.95942204e-02 2.00264123e-01 1.31760148e-01
 1.35856021e-01 1.77526426e-01]

-------------------------
MSE Difference in Standard Deviations:
MSE Difference for Panel 2: 5.8051385553169405e-05
MSE Difference for Panel 3: 0.00013963857193903572

-------------------------
1D TVD for each feature:
1D TVD for Panel 2:
[0.032858011054830986, 0.03215080067742424, 0.02902418974111041, 0.02930109594327592, 0.032731660248473286, 0.06688477026276352, 0.24190866209751602, 0.2688935031305574, 0.09105757568443695, 0.053860048922125724, 0.037477120082666404, 0.01943839821029851, 0.1173493010574868, 0.0296356792822786, 0.07320372831167392, 0.04758440004219657, 0.2812949830646232, 0.028851463931508444]
Mean 1D TVD for Panel 2:
0.08408363287473593
1D TVD for Panel 3:
[0.027740628658100754, 0.0323663028516355, 0.06754600662668961, 0.04841526456180835, 0.04411672266724286, 0.07616369828277252, 0.2553352080031682, 0.47215243632256887, 0.10552830590995356, 0.12771140493894284, 0.2072020583907278, 0.024801994844922015, 0.12316353040583121, 0.12000682896213029, 0.10978959474731932, 0.07599217946569103, 0.3011807589756212, 0.02919655159648284]
Mean 1D TVD for Panel 3:
0.1249116375673116

-------------------------
2D TVD for each feature pair:
2D TVD for Panel 2:
[[0.2391819318574242, 0.4033515550582818, 0.26099838859422536, 0.27032216649149343, 0.258484664392482, 0.24252426023605267, 0.29027245769623616, 0.24824636793691549, 0.268257592812683, 0.2523012126558406, 0.4300032577820125, 0.24771970518694283], [0.4033515550582818, 0.264549066417738, 0.28666375474141675, 0.2880085983973818, 0.268941799657513, 0.26691852232120644, 0.2755438400983162, 0.28524806549359766, 0.27220883834190074, 0.2514737718983695, 0.35571214385708794, 0.28111191276755726], [0.2609983885942253, 0.2866637547414168, 0.08832547347594011, 0.11574437662896231, 0.12070863045998641, 0.09089508122178766, 0.16199066463885173, 0.10769955657203355, 0.15773662478626696, 0.10429375609628545, 0.3206911182473791, 0.1277566249229156], [0.27032216649149343, 0.28800859839738174, 0.11574437662896231, 0.0533440431058443, 0.07157758716518448, 0.05642970227155767, 0.1316148707746751, 0.06757249135553951, 0.10923133307097797, 0.07345419703887586, 0.23809345032808807, 0.07386895465714681], [0.258484664392482, 0.268941799657513, 0.12070863045998641, 0.07157758716518448, 0.036082680547402275, 0.043494067710390244, 0.11926387911490488, 0.05428124064695671, 0.13303225372281932, 0.0666071618507862, 0.22369747320760403, 0.05272321901093421], [0.24252426023605267, 0.26691852232120644, 0.09089508122178767, 0.05642970227155767, 0.04349406771039024, 0.01027049660865366, 0.11538228530363864, 0.038897573964024997, 0.08216727827048627, 0.05006599904983607, 0.2585818161775925, 0.032304634414722276], [0.29027245769623616, 0.2755438400983161, 0.16199066463885173, 0.1316148707746751, 0.1192638791149049, 0.11538228530363863, 0.10843274788291579, 0.114887902510195, 0.16002748127788452, 0.11737852084411989, 0.33970589711561916, 0.1151684159927324], [0.24824636793691554, 0.28524806549359766, 0.10769955657203355, 0.06757249135553951, 0.054281240646956726, 0.03889757396402499, 0.114887902510195, 0.028580886725000983, 0.08968304009034633, 0.055633053982209135, 0.15866667359506392, 0.04420992660659041], [0.268257592812683, 0.2722088383419008, 0.15773662478626696, 0.10923133307097796, 0.13303225372281935, 0.08216727827048625, 0.16002748127788452, 0.08968304009034633, 0.07306107500083314, 0.09458642036354546, 0.3008424582962769, 0.10901278580796187], [0.2523012126558406, 0.25147377189836956, 0.10429375609628545, 0.07345419703887586, 0.0666071618507862, 0.05006599904983607, 0.1173785208441199, 0.05563305398220914, 0.09458642036354548, 0.04497960050301891, 0.24879443042303087, 0.06168772789149506], [0.4300032577820124, 0.355712143857088, 0.32069111824737906, 0.23809345032808807, 0.22369747320760403, 0.25858181617759257, 0.33970589711561916, 0.15866667359506398, 0.3008424582962769, 0.24879443042303087, 0.21520453436691106, 0.23658379469685], [0.24771970518694286, 0.2811119127675572, 0.1277566249229156, 0.07386895465714682, 0.05272321901093421, 0.032304634414722276, 0.11516841599273239, 0.044209926606590406, 0.10901278580796187, 0.06168772789149507, 0.23658379469685004, 0.027886708373318615]]
Mean 2D TVD for Panel 2:
0.17008317959757147
2D TVD for Panel 3:
[[0.2514832408863802, 0.5644174726880117, 0.2744003906753312, 0.30267206967963023, 0.38627717151731317, 0.24725021031378397, 0.30709532556257574, 0.29987903850244746, 0.29216242677711685, 0.26696469743535006, 0.43327314648186677, 0.26001646200088346], [0.5644174726880118, 0.46860440065663256, 0.47520516817789404, 0.4872377582734888, 0.47929357921814786, 0.46770223040652137, 0.5196003893939131, 0.4807132639301834, 0.4678279541281837, 0.4860468332430712, 0.5411518941821797, 0.4846562871952805], [0.2744003906753311, 0.47520516817789404, 0.09954303068157351, 0.16139493205283936, 0.2857662218906541, 0.10058782134732858, 0.17191461069800246, 0.18723036969908083, 0.20089384330967444, 0.13954623058880944, 0.2607742732100753, 0.13534888400172743], [0.30267206967963023, 0.48723775827348864, 0.16139493205283936, 0.12460698354436561, 0.292571752190781, 0.11478880940274869, 0.19214878195714946, 0.1990158129479909, 0.18161460372918195, 0.16089617429702305, 0.35168559584083375, 0.13804738472037362], [0.3862771715173131, 0.4792935792181479, 0.2857662218906541, 0.29257175219078096, 0.19024551407837687, 0.21475016109370074, 0.2715321115735314, 0.21032713709212558, 0.28997757714780464, 0.23420986453565798, 0.35140092007703255, 0.23016181426716556], [0.247250210313784, 0.4677022304065214, 0.10058782134732856, 0.11478880940274869, 0.21475016109370076, 0.02044143564686416, 0.12613703984296912, 0.11842688097028795, 0.11859414894382836, 0.08078448922076188, 0.28084997867167716, 0.03326074126404726], [0.3070953255625757, 0.5196003893939131, 0.17191461069800248, 0.19214878195714946, 0.27153211157353135, 0.12613703984296912, 0.11042656910264688, 0.1918661975765827, 0.20288205171695664, 0.13969389383568737, 0.34381159431966024, 0.1230126073862304], [0.2998790385024474, 0.4807132639301834, 0.18723036969908075, 0.1990158129479909, 0.21032713709212558, 0.11842688097028796, 0.19186619757658271, 0.11709913394781174, 0.17814297301517398, 0.14005949939570134, 0.18544611934157007, 0.12472035774662074], [0.29216242677711685, 0.4678279541281838, 0.2008938433096744, 0.18161460372918198, 0.28997757714780464, 0.11859414894382836, 0.20288205171695667, 0.17814297301517396, 0.10948836540808517, 0.13783980189867748, 0.33219078110447064, 0.16286112771281222], [0.26696469743535006, 0.4860468332430712, 0.13954623058880944, 0.16089617429702302, 0.234209864535658, 0.08078448922076191, 0.13969389383568734, 0.14005949939570134, 0.1378398018986775, 0.06838672942513543, 0.27705904695207617, 0.08925593919038292], [0.4332731464818669, 0.5411518941821798, 0.26077427321007524, 0.3516855958408337, 0.35140092007703255, 0.2808499786716772, 0.3438115943196602, 0.18544611934157007, 0.3321907811044706, 0.27705904695207617, 0.21205963045472037, 0.2361861986040238], [0.2600164620008835, 0.48465628719528053, 0.13534888400172743, 0.1380473847203736, 0.23016181426716562, 0.03326074126404726, 0.1230126073862304, 0.12472035774662074, 0.16286112771281222, 0.08925593919038294, 0.23618619860402376, 0.026982588346194703]]
Mean 2D TVD for Panel 3:
0.2517110380174175

-------------------------
Average Cluster Distance:
Average Cluster Distance for Panel 2: 0.0039778212906059745
Average Mahalanobis Shift for Panel 2: 0.3464609642535217
Average Cluster Distance for Panel 3: 0.0007944743449417772
Average Mahalanobis Shift for Panel 3: 0.20530664930649503
