Batches:
Panel 2
Panel 3

-------------------------
Mean Summaries:
Mean Summary Reference Dataset:
[0.08592459 0.07047976 0.28113996 0.06904135 0.05679426 0.27582333
 0.20156723 0.2930761  0.39776536 0.27074181 0.34415246 0.11762772
 0.24405458 0.12855119 0.28102394 0.21961378 0.21867933 0.30954547]
Mean Summary Panel 2:
[0.08637296 0.07129252 0.28080466 0.06896941 0.05718732 0.27519564
 0.24507852 0.30940775 0.43164557 0.31275093 0.34794405 0.12112629
 0.27476017 0.13648428 0.31157811 0.21194792 0.22890039 0.34773031]
Mean Summary Panel 3:
[0.0856347  0.07050749 0.28170879 0.06962334 0.05758471 0.27644667
 0.19360693 0.29942631 0.40586449 0.2713085  0.34795413 0.1170731
 0.25120513 0.12835395 0.28481539 0.21967577 0.22381129 0.31610587]

-------------------------
MSE Difference in Means:
MSE Difference for Panel 2: 0.00048118750659631335
MSE Difference for Panel 3: 1.7836297768595317e-05

-------------------------
Std Summaries:
Std Summary Reference Dataset:
[0.1027945  0.05786194 0.05971764 0.09444025 0.05416855 0.07232374
 0.20121383 0.21964624 0.19885128 0.14588425 0.21552471 0.03707032
 0.2368985  0.12189459 0.23647919 0.15524641 0.16056028 0.17927806]
Std Summary Panel 2:
[0.10211139 0.0574066  0.05794343 0.09293574 0.05460978 0.06969822
 0.24816825 0.21529341 0.16451473 0.14049873 0.21638834 0.0277503
 0.2298542  0.12045212 0.24071182 0.1486976  0.16041074 0.17053246]
Std Summary Panel 3:
[0.09829177 0.05609845 0.05840135 0.09222676 0.05401768 0.07005311
 0.21191313 0.21944069 0.20299012 0.13651181 0.20016552 0.02843522
 0.23525097 0.11117553 0.23772599 0.12097631 0.15526979 0.17505093]

-------------------------
MSE Difference in Standard Deviations:
MSE Difference for Panel 2: 0.00020674789412075437
MSE Difference for Panel 3: 0.0001058121848280827

-------------------------
1D TVD for each feature:
1D TVD for Panel 2:
[0.015492466692513458, 0.03169660008715654, 0.05166197119059732, 0.025364364971612763, 0.021422755984956708, 0.06691368590045087, 0.26793904785939154, 0.1675011779182533, 0.33070370341205957, 0.45452003039396555, 0.08054196227442675, 0.18838491460073248, 0.20995743557072408, 0.193433944190931, 0.38021335963936087, 0.0934136868722273, 0.15468212070506457, 0.379058387449145]
Mean 1D TVD for Panel 2:
0.17293897865075386
1D TVD for Panel 3:
[0.025761784432726746, 0.028620823093748693, 0.05984692646771849, 0.05256019146472391, 0.044953195991267264, 0.10520497053327915, 0.3024746810850186, 0.12103912933166046, 0.1983943627669815, 0.38599652039424515, 0.1480064921080162, 0.09110665688414635, 0.10506959285630325, 0.1570125234540105, 0.1348877239271858, 0.3330414220781043, 0.29883836375880163, 0.21027953279862036]
Mean 1D TVD for Panel 3:
0.15572749407925324

-------------------------
2D TVD for each feature pair:
2D TVD for Panel 2:
[[0.2668314654205292, 0.39332592203679223, 0.5450248348354131, 0.5725869660104316, 0.3812783894121466, 0.39911927313643936, 0.4047008861130763, 0.44956674567593014, 0.5152397400479457, 0.3491579807444378, 0.42711114769839637, 0.5845116175989008], [0.3933259220367923, 0.16286088995080206, 0.4235439028076122, 0.5398411629726941, 0.18350615522707958, 0.37057377948832587, 0.3308079324261095, 0.2651029391630315, 0.4858597720384221, 0.23699534694456323, 0.23235568398651044, 0.43469901495110397], [0.5450248348354131, 0.4235439028076122, 0.3266649531441067, 0.8016285969634848, 0.38783698395804617, 0.5984834780117434, 0.4637816006020556, 0.4338727291711632, 0.6343001114548368, 0.39783037878599614, 0.4215954181179402, 0.6423616268480398], [0.5725869660104316, 0.5398411629726942, 0.8016285969634847, 0.44110896948385336, 0.5053024535556623, 0.6028318801137753, 0.563747778633211, 0.5016433029097, 0.6108832157129124, 0.5382048930652739, 0.558958580777029, 0.5556648636774253], [0.38127838941214653, 0.18350615522707958, 0.3878369839580461, 0.5053024535556623, 0.07846793319270072, 0.5130588849990464, 0.29202080583648493, 0.23619934882190224, 0.4707631100881483, 0.22933196879605283, 0.2096566827448316, 0.48730148210992874], [0.39911927313643936, 0.3705737794883259, 0.5984834780117433, 0.6028318801137753, 0.5130588849990464, 0.1883849146007325, 0.4366871955006352, 0.28826069469613813, 0.4894077199913708, 0.29306285050338204, 0.35792831257982727, 0.5083054008262685], [0.4047008861130763, 0.3308079324261095, 0.46378160060205553, 0.563747778633211, 0.29202080583648493, 0.4366871955006352, 0.20630471740895362, 0.3174960513529732, 0.45095520580564397, 0.2953383223108454, 0.3095739032963791, 0.45391397555339463], [0.44956674567593, 0.2651029391630315, 0.43387272917116326, 0.5016433029097, 0.23619934882190224, 0.28826069469613813, 0.3174960513529732, 0.18394498383147329, 0.5045050901057708, 0.2306935669720642, 0.2687755609962613, 0.4339225676982852], [0.5152397400479456, 0.4858597720384221, 0.6343001114548369, 0.6108832157129125, 0.47076311008814836, 0.4894077199913709, 0.45095520580564397, 0.5045050901057708, 0.3674885274700403, 0.4612532091628668, 0.47305867551391256, 0.5271173144023832], [0.3491579807444379, 0.2369953469445632, 0.39783037878599614, 0.5382048930652739, 0.22933196879605286, 0.293062850503382, 0.29533832231084545, 0.2306935669720642, 0.4612532091628667, 0.08816260881112403, 0.2377469067286196, 0.46687893731812474], [0.4271111476983964, 0.23235568398651044, 0.4215954181179402, 0.558958580777029, 0.20965668274483162, 0.35792831257982727, 0.30957390329637907, 0.26877556099626143, 0.47305867551391256, 0.2377469067286196, 0.1432188569199349, 0.45370075294113177], [0.5845116175989008, 0.434699014951104, 0.6423616268480398, 0.5556648636774253, 0.48730148210992885, 0.5083054008262686, 0.45391397555339463, 0.4339225676982853, 0.5271173144023832, 0.4668789373181248, 0.45370075294113177, 0.37724463733750924]]
Mean 2D TVD for Panel 2:
0.41466796266822514
2D TVD for Panel 3:
[[0.29773341881778526, 0.43871787353383795, 0.4186111263671135, 0.5249946218853326, 0.46341601497862234, 0.34863104336462025, 0.35353650257919594, 0.37738999124603345, 0.392504803674414, 0.5055586331054065, 0.5763542260687741, 0.39771468551528644], [0.43871787353383795, 0.11018848328649965, 0.2849606519805686, 0.48661741418450005, 0.25510957052048805, 0.4353162038815377, 0.20199685864080952, 0.2891455786573085, 0.2321999874817045, 0.41662886881543343, 0.3307890895794441, 0.30947461454626846], [0.41861112636711356, 0.2849606519805685, 0.18686568462697012, 0.5279720353543764, 0.29402342129477776, 0.39337354564690974, 0.2883910329246626, 0.306470979511739, 0.3187339370546851, 0.4382027457454485, 0.3831004731068149, 0.3435625938062891], [0.5249946218853325, 0.4866174141845001, 0.5279720353543765, 0.37996085380965006, 0.4650088391108636, 0.6148009478769166, 0.5055397806720728, 0.48473405804356684, 0.4606819640137019, 0.5455863974735677, 0.5857469717828923, 0.47209231137981095], [0.4634160149786224, 0.2551095705204881, 0.29402342129477776, 0.46500883911086355, 0.14530654056212805, 0.4652065448764288, 0.2541491609943184, 0.3195552738168008, 0.2954148888509963, 0.4522238086248147, 0.34933861784727793, 0.3288456185746959], [0.3486310433646202, 0.4353162038815378, 0.39337354564690974, 0.6148009478769165, 0.46520654487642876, 0.06943079070379142, 0.34444072673178094, 0.29566776224501334, 0.37661634358200446, 0.4190462300243267, 0.49517015500384404, 0.42022054203628106], [0.35353650257919594, 0.20199685864080952, 0.2883910329246626, 0.5055397806720727, 0.2541491609943184, 0.34444072673178094, 0.10110888576460136, 0.22441520748857763, 0.19433081688370257, 0.3996455797924514, 0.3626364535644059, 0.2540234787554643], [0.37738999124603345, 0.2891455786573085, 0.3064709795117391, 0.4847340580435669, 0.3195552738168008, 0.2956677622450134, 0.22441520748857763, 0.1450481855921447, 0.25597923029316894, 0.4124321633956481, 0.4536179419730907, 0.303113021281131], [0.392504803674414, 0.2321999874817045, 0.3187339370546851, 0.4606819640137019, 0.2954148888509963, 0.37661634358200446, 0.19433081688370257, 0.25597923029316894, 0.13363659081157014, 0.4351051631638929, 0.36744139562018024, 0.29780358912239496], [0.5055586331054065, 0.41662886881543343, 0.4382027457454485, 0.5455863974735679, 0.45222380862481476, 0.41904623002432667, 0.39964557979245136, 0.41243216339564814, 0.43510516316389286, 0.33295725282872213, 0.5082552895997445, 0.46615983118655574], [0.5763542260687741, 0.3307890895794441, 0.3831004731068149, 0.5857469717828924, 0.3493386178472779, 0.4951701550038441, 0.3626364535644059, 0.4536179419730907, 0.3674413956201802, 0.5082552895997446, 0.2796610980854157, 0.4247225125001368], [0.39771468551528644, 0.3094746145462684, 0.3435625938062892, 0.4720923113798109, 0.32884561857469596, 0.42022054203628106, 0.2540234787554643, 0.303113021281131, 0.2978035891223949, 0.4661598311865557, 0.4247225125001367, 0.2056677093413985]]
Mean 2D TVD for Panel 3:
0.3727368123659759

-------------------------
Average Cluster Distance:
Average Cluster Distance for Panel 2: 0.011254667726569882
Average Cluster Distance for Panel 3: 0.010499134252369006
