Batches:
Panel 2
Panel 3

-------------------------
Mean Summaries:
Mean Summary Reference Dataset:
[0.09579088 0.07741971 0.2869051  0.06778327 0.05494411 0.28123372
 0.32732192 0.44045803 0.44543001 0.32390159 0.50110716 0.14854818
 0.2948931  0.28314162 0.53278733 0.34629675 0.37569366 0.41372999]
Mean Summary Panel 2:
[0.09582568 0.07742449 0.28694214 0.0678237  0.05495748 0.2812777
 0.3273915  0.44045342 0.44546336 0.32388466 0.50112298 0.14858313
 0.29490102 0.28316859 0.53279516 0.34631312 0.37572331 0.41380503]
Mean Summary Panel 3:
[0.09582607 0.07741962 0.28695779 0.06783336 0.05495929 0.2813037
 0.32739884 0.44040551 0.44546062 0.32384767 0.50110163 0.14860265
 0.29490903 0.28316018 0.53275874 0.34629969 0.37571555 0.41383894]

-------------------------
MSE Difference in Means:
MSE Difference for Panel 2: 1.2066088196198288e-09
MSE Difference for Panel 3: 2.274548246736281e-09

-------------------------
Std Summaries:
Std Summary Reference Dataset:
[0.10054915 0.05471606 0.06257155 0.08632201 0.04472527 0.07471711
 0.19601392 0.20893856 0.15308481 0.13100559 0.16688985 0.05074484
 0.18591944 0.14247313 0.19147485 0.13688347 0.13286204 0.16270266]
Std Summary Panel 2:
[0.10068167 0.05474326 0.06265928 0.08644067 0.04475667 0.07482083
 0.19605788 0.20897801 0.15310237 0.13103192 0.16690909 0.05078493
 0.18594321 0.14249621 0.19152125 0.13691867 0.13288739 0.16274478]
Std Summary Panel 3:
[0.10067855 0.05474276 0.06267499 0.08645813 0.04476341 0.07484126
 0.19608529 0.20899918 0.15313232 0.13104758 0.16692563 0.05080148
 0.18594506 0.14250968 0.19155379 0.1369411  0.13290076 0.16279599]

-------------------------
MSE Difference in Standard Deviations:
MSE Difference for Panel 2: 3.622177063540184e-09
MSE Difference for Panel 3: 5.6995325770625724e-09

-------------------------
1D TVD for each feature:
1D TVD for Panel 2:
[0.0005811661255178521, 0.000753551436400155, 0.0007301550772296798, 0.0006600436924106755, 0.000529215842907797, 0.0010724996863151087, 0.0009617362354063262, 0.0010403753002398378, 0.0009213253575647748, 0.0012714620231201413, 0.0010047397834303307, 0.0009961472226064467, 0.000899476130367695, 0.0007776325875697508, 0.0009651246874402954, 0.0008360884977503579, 0.0008596801089435214, 0.0011657464887015493]
Mean 1D TVD for Panel 2:
0.0008903425713290163
1D TVD for Panel 3:
[0.0007917546395276233, 0.0009068502242346507, 0.0011202382443846629, 0.000991195347386, 0.0007204470966894058, 0.0016681112258037833, 0.0012172438589677854, 0.001428938394372329, 0.0012402459169821012, 0.0022276163534290894, 0.0011726305815238426, 0.001474074680555143, 0.0012677850756798747, 0.0009595926114061614, 0.0012250215849081507, 0.0010546977869440282, 0.001047697741144233, 0.0019927823175796525]
Mean 1D TVD for Panel 3:
0.0012503846489732512

-------------------------
2D TVD for each feature pair:
2D TVD for Panel 2:
[[0.0005372270202617314, 0.0023943328184839467, 0.0023557820146491563, 0.0024496112038122583, 0.0024756440590126315, 0.001770035343716025, 0.00259442683364312, 0.0020506367459917465, 0.002389901059832644, 0.002318456464549458, 0.0020694146139636233, 0.0024945454252221014], [0.002394332818483947, 0.0007308165271730825, 0.0022665030402250954, 0.002489214530764105, 0.0017500512722138108, 0.0018707022286086868, 0.002498588371434696, 0.0018861524298969651, 0.0019579214774895024, 0.0020193937417424196, 0.0018852305482642202, 0.0022677763821440777], [0.002355782014649156, 0.0022665030402250954, 0.0006005411074351234, 0.0024101971344735974, 0.002242267758499996, 0.0016029761229283284, 0.0023375839764604575, 0.00185647087845521, 0.002242200016827958, 0.002131110664059032, 0.0014171360092130143, 0.0022705279178214205], [0.002449611203812258, 0.0024892145307641046, 0.0024101971344735974, 0.001057316158564638, 0.0023492875634140444, 0.0018580294208380387, 0.0023602678584925684, 0.0022119026064046357, 0.0023376406682081114, 0.0024263619527928803, 0.002251966274045106, 0.0024973380456127375], [0.0024756440590126315, 0.0017500512722138113, 0.002242267758499996, 0.0023492875634140444, 0.0005461241343240518, 0.0017237893150376174, 0.0021725936906619586, 0.001632850221270001, 0.0018074527367523846, 0.0019622294982604782, 0.0016862933267967964, 0.002148437069667171], [0.001770035343716025, 0.001870702228608687, 0.0016029761229283289, 0.0018580294208380382, 0.0017237893150376172, 0.0009085413355202747, 0.0017722573125843188, 0.0016388676529795652, 0.0017858943079322332, 0.0017888707877561903, 0.0017699777117743906, 0.0017069861931811598], [0.00259442683364312, 0.0024985883714346963, 0.0023375839764604575, 0.0023602678584925684, 0.0021725936906619586, 0.0017722573125843193, 0.0004960610140735489, 0.0020668024276559865, 0.0024266288245789135, 0.0019123521503157368, 0.002085049780271665, 0.0023328574327499047], [0.0020506367459917465, 0.0018861524298969651, 0.0018564708784552103, 0.0022119026064046352, 0.001632850221270001, 0.0016388676529795656, 0.0020668024276559865, 0.00047022643455225016, 0.0016157087877354272, 0.001722775433428889, 0.0017398902640217955, 0.002088554505249984], [0.002389901059832644, 0.0019579214774895024, 0.002242200016827958, 0.0023376406682081114, 0.0018074527367523846, 0.0017858943079322328, 0.0024266288245789135, 0.001615708787735427, 0.0005480530613436755, 0.0017846996165341543, 0.0017804090553416587, 0.002421938763364617], [0.0023184564645494575, 0.0020193937417424196, 0.002131110664059032, 0.002426361952792881, 0.0019622294982604782, 0.0017888707877561903, 0.0019123521503157368, 0.0017227754334288893, 0.0017846996165341543, 0.0004930195357535779, 0.0018681372530324335, 0.00231339986690396], [0.0020694146139636233, 0.0018852305482642202, 0.0014171360092130143, 0.002251966274045106, 0.0016862933267967964, 0.0017699777117743906, 0.002085049780271665, 0.0017398902640217953, 0.001780409055341659, 0.001868137253032434, 0.0005631310731568482, 0.0019629257218303164], [0.0024945454252221014, 0.0022677763821440777, 0.0022705279178214205, 0.0024973380456127367, 0.002148437069667171, 0.00170698619318116, 0.0023328574327499047, 0.002088554505249984, 0.0024219387633646165, 0.00231339986690396, 0.001962925721830316, 0.0008283989513813829]]
Mean 2D TVD for Panel 2:
0.0019536936577589895
2D TVD for Panel 3:
[[0.0007840945467265529, 0.0029746990909230385, 0.0029627580743665518, 0.0036419409925475647, 0.0028126419158465248, 0.002453680117306325, 0.003216076578764194, 0.0024671684764583338, 0.0029197966018278915, 0.0027964776351729597, 0.0025532792687863078, 0.00360057533246948], [0.002974699090923039, 0.0010895149580848716, 0.002828105606401505, 0.003680057625723333, 0.0021818107041691776, 0.0027138640946670293, 0.0031169705730491205, 0.0023465402744001695, 0.002363342822463998, 0.0025247141595593154, 0.0024301112993511884, 0.003359850111392799], [0.0029627580743665518, 0.002828105606401505, 0.0008629560326541129, 0.0035699085589808812, 0.0026911537904819177, 0.002302378402255693, 0.002874723674054268, 0.002218037735058129, 0.0027662074365225643, 0.0027769269660001556, 0.0018637373795318895, 0.0034090550976889735], [0.0036419409925475643, 0.003680057625723333, 0.0035699085589808812, 0.0020030103280691196, 0.0034791824897455873, 0.0029818168153310076, 0.003442954544426205, 0.003315980392193581, 0.003387850986729892, 0.0034791380514578004, 0.0034389035115129822, 0.0037833725930551975], [0.0028126419158465248, 0.002181810704169178, 0.002691153790481918, 0.0034791824897455873, 0.0006162917021120999, 0.002454580538261128, 0.0026697372639009303, 0.0019819557441682553, 0.002195836561488149, 0.0023777320724162796, 0.00201344646999819, 0.0032204579787209996], [0.0024536801173063246, 0.002713864094667029, 0.002302378402255693, 0.002981816815331007, 0.0024545805382611276, 0.0013949473378724216, 0.002370043228103606, 0.0023480709197991126, 0.002489526416748458, 0.0024963501947150037, 0.0024639538796300954, 0.0025411234469637557], [0.0032160765787641937, 0.00311697057304912, 0.0028747236740542677, 0.003442954544426205, 0.0026697372639009303, 0.0023700432281036055, 0.0007085666598860614, 0.0026214785564879625, 0.0029935430266214173, 0.002415480346742645, 0.002546717957614579, 0.0034017344707668773], [0.002467168476458334, 0.00234654027440017, 0.002218037735058129, 0.0033159803921935815, 0.0019819557441682553, 0.0023480709197991126, 0.0026214785564879616, 0.0005705762783389785, 0.0019220122628041648, 0.002110321310925185, 0.0021006789249247773, 0.003086813698095111], [0.0029197966018278915, 0.002363342822463998, 0.002766207436522565, 0.0033878509867298926, 0.002195836561488149, 0.0024895264167484575, 0.0029935430266214173, 0.0019220122628041648, 0.0006432002776664949, 0.002107523901510649, 0.002233097409028892, 0.0034704360586419584], [0.0027964776351729597, 0.0025247141595593154, 0.0027769269660001556, 0.0034791380514578012, 0.002377732072416279, 0.0024963501947150033, 0.0024154803467426444, 0.0021103213109251854, 0.002107523901510649, 0.0006888669082400834, 0.0023761868618077304, 0.003354067531198833], [0.002553279268786308, 0.0024301112993511884, 0.0018637373795318895, 0.0034389035115129822, 0.00201344646999819, 0.0024639538796300954, 0.002546717957614579, 0.0021006789249247773, 0.002233097409028892, 0.0023761868618077304, 0.0007553136723341238, 0.0030082533174372733], [0.00360057533246948, 0.003359850111392799, 0.003409055097688974, 0.0037833725930551975, 0.0032204579787209987, 0.002541123446963756, 0.0034017344707668777, 0.003086813698095111, 0.0034704360586419584, 0.003354067531198833, 0.0030082533174372733, 0.0017130575883220853]]
Mean 2D TVD for Panel 3:
0.0026251687260465148

-------------------------
Average Cluster Distance:
Average Cluster Distance for Panel 2: 1.0369745623542604e-08
Average Cluster Distance for Panel 3: 1.8935769172577035e-08
